index	ts	t	weight	tr
[#]	[°C]	[s]	[mg]	[°C]
723	1.31306e+02	7.23000e+02	1.02387e+00	1.31000e+02
724	1.31648e+02	7.24000e+02	1.02386e+00	1.31333e+02
725	1.31988e+02	7.25000e+02	1.02385e+00	1.31667e+02
726	1.32319e+02	7.26000e+02	1.02384e+00	1.32000e+02
727	1.32646e+02	7.27000e+02	1.02382e+00	1.32333e+02
728	1.32982e+02	7.28000e+02	1.02381e+00	1.32667e+02
729	1.33322e+02	7.29000e+02	1.02380e+00	1.33000e+02
730	1.33668e+02	7.30000e+02	1.02378e+00	1.33333e+02
731	1.34007e+02	7.31000e+02	1.02377e+00	1.33667e+02
732	1.34346e+02	7.32000e+02	1.02376e+00	1.34000e+02
733	1.34680e+02	7.33000e+02	1.02374e+00	1.34333e+02
734	1.35006e+02	7.34000e+02	1.02373e+00	1.34667e+02
735	1.35351e+02	7.35000e+02	1.02372e+00	1.35000e+02
736	1.35692e+02	7.36000e+02	1.02372e+00	1.35333e+02
737	1.36024e+02	7.37000e+02	1.02371e+00	1.35667e+02
738	1.36353e+02	7.38000e+02	1.02370e+00	1.36000e+02
739	1.36679e+02	7.39000e+02	1.02369e+00	1.36333e+02
740	1.37019e+02	7.40000e+02	1.02368e+00	1.36667e+02
741	1.37360e+02	7.41000e+02	1.02366e+00	1.37000e+02
742	1.37705e+02	7.42000e+02	1.02364e+00	1.37333e+02
743	1.38040e+02	7.43000e+02	1.02362e+00	1.37667e+02
744	1.38380e+02	7.44000e+02	1.02357e+00	1.38000e+02
745	1.38713e+02	7.45000e+02	1.02354e+00	1.38333e+02
746	1.39049e+02	7.46000e+02	1.02351e+00	1.38667e+02
747	1.39380e+02	7.47000e+02	1.02347e+00	1.39000e+02
748	1.39720e+02	7.48000e+02	1.02344e+00	1.39333e+02
749	1.40056e+02	7.49000e+02	1.02340e+00	1.39667e+02
750	1.40399e+02	7.50000e+02	1.02337e+00	1.40000e+02
751	1.40743e+02	7.51000e+02	1.02333e+00	1.40333e+02
752	1.41083e+02	7.52000e+02	1.02330e+00	1.40667e+02
753	1.41404e+02	7.53000e+02	1.02327e+00	1.41000e+02
754	1.41745e+02	7.54000e+02	1.02324e+00	1.41333e+02
755	1.42087e+02	7.55000e+02	1.02322e+00	1.41667e+02
756	1.42413e+02	7.56000e+02	1.02320e+00	1.42000e+02
757	1.42744e+02	7.57000e+02	1.02319e+00	1.42333e+02
758	1.43094e+02	7.58000e+02	1.02318e+00	1.42667e+02
759	1.43438e+02	7.59000e+02	1.02316e+00	1.43000e+02
760	1.43774e+02	7.60000e+02	1.02316e+00	1.43333e+02
761	1.44106e+02	7.61000e+02	1.02315e+00	1.43667e+02
762	1.44440e+02	7.62000e+02	1.02314e+00	1.44000e+02
763	1.44771e+02	7.63000e+02	1.02312e+00	1.44333e+02
764	1.45110e+02	7.64000e+02	1.02310e+00	1.44667e+02
765	1.45452e+02	7.65000e+02	1.02307e+00	1.45000e+02
766	1.45788e+02	7.66000e+02	1.02304e+00	1.45333e+02
767	1.46122e+02	7.67000e+02	1.02301e+00	1.45667e+02
768	1.46465e+02	7.68000e+02	1.02296e+00	1.46000e+02
769	1.46801e+02	7.69000e+02	1.02292e+00	1.46333e+02
770	1.47142e+02	7.70000e+02	1.02287e+00	1.46667e+02
771	1.47479e+02	7.71000e+02	1.02282e+00	1.47000e+02
772	1.47813e+02	7.72000e+02	1.02277e+00	1.47333e+02
773	1.48149e+02	7.73000e+02	1.02272e+00	1.47667e+02
774	1.48491e+02	7.74000e+02	1.02267e+00	1.48000e+02
775	1.48834e+02	7.75000e+02	1.02262e+00	1.48333e+02
776	1.49167e+02	7.76000e+02	1.02256e+00	1.48667e+02
777	1.49505e+02	7.77000e+02	1.02251e+00	1.49000e+02
778	1.49844e+02	7.78000e+02	1.02246e+00	1.49333e+02
779	1.50184e+02	7.79000e+02	1.02241e+00	1.49667e+02
780	1.50522e+02	7.80000e+02	1.02236e+00	1.50000e+02
781	1.50861e+02	7.81000e+02	1.02231e+00	1.50333e+02
782	1.51195e+02	7.82000e+02	1.02226e+00	1.50667e+02
783	1.51535e+02	7.83000e+02	1.02222e+00	1.51000e+02
784	1.51865e+02	7.84000e+02	1.02217e+00	1.51333e+02
785	1.52204e+02	7.85000e+02	1.02211e+00	1.51667e+02
786	1.52534e+02	7.86000e+02	1.02206e+00	1.52000e+02
787	1.52876e+02	7.87000e+02	1.02200e+00	1.52333e+02
788	1.53212e+02	7.88000e+02	1.02193e+00	1.52667e+02
789	1.53553e+02	7.89000e+02	1.02186e+00	1.53000e+02
790	1.53896e+02	7.90000e+02	1.02180e+00	1.53333e+02
791	1.54225e+02	7.91000e+02	1.02174e+00	1.53667e+02
792	1.54566e+02	7.92000e+02	1.02169e+00	1.54000e+02
793	1.54895e+02	7.93000e+02	1.02163e+00	1.54333e+02
794	1.55238e+02	7.94000e+02	1.02158e+00	1.54667e+02
795	1.55578e+02	7.95000e+02	1.02153e+00	1.55000e+02
796	1.55905e+02	7.96000e+02	1.02149e+00	1.55333e+02
797	1.56252e+02	7.97000e+02	1.02143e+00	1.55667e+02
798	1.56583e+02	7.98000e+02	1.02138e+00	1.56000e+02
799	1.56928e+02	7.99000e+02	1.02132e+00	1.56333e+02
800	1.57270e+02	8.00000e+02	1.02126e+00	1.56667e+02
801	1.57619e+02	8.01000e+02	1.02120e+00	1.57000e+02
802	1.57948e+02	8.02000e+02	1.02114e+00	1.57333e+02
803	1.58294e+02	8.03000e+02	1.02108e+00	1.57667e+02
804	1.58624e+02	8.04000e+02	1.02102e+00	1.58000e+02
805	1.58967e+02	8.05000e+02	1.02096e+00	1.58333e+02
806	1.59295e+02	8.06000e+02	1.02090e+00	1.58667e+02
807	1.59640e+02	8.07000e+02	1.02085e+00	1.59000e+02
808	1.59984e+02	8.08000e+02	1.02080e+00	1.59333e+02
809	1.60324e+02	8.09000e+02	1.02075e+00	1.59667e+02
810	1.60662e+02	8.10000e+02	1.02070e+00	1.60000e+02
811	1.60991e+02	8.11000e+02	1.02066e+00	1.60333e+02
812	1.61326e+02	8.12000e+02	1.02063e+00	1.60667e+02
813	1.61670e+02	8.13000e+02	1.02059e+00	1.61000e+02
814	1.62004e+02	8.14000e+02	1.02054e+00	1.61333e+02
815	1.62349e+02	8.15000e+02	1.02049e+00	1.61667e+02
816	1.62687e+02	8.16000e+02	1.02043e+00	1.62000e+02
817	1.63016e+02	8.17000e+02	1.02037e+00	1.62333e+02
818	1.63362e+02	8.18000e+02	1.02031e+00	1.62667e+02
819	1.63711e+02	8.19000e+02	1.02026e+00	1.63000e+02
820	1.64046e+02	8.20000e+02	1.02019e+00	1.63333e+02
821	1.64380e+02	8.21000e+02	1.02014e+00	1.63667e+02
822	1.64717e+02	8.22000e+02	1.02008e+00	1.64000e+02
823	1.65050e+02	8.23000e+02	1.02002e+00	1.64333e+02
824	1.65390e+02	8.24000e+02	1.01996e+00	1.64667e+02
825	1.65735e+02	8.25000e+02	1.01989e+00	1.65000e+02
826	1.66069e+02	8.26000e+02	1.01982e+00	1.65333e+02
827	1.66415e+02	8.27000e+02	1.01975e+00	1.65667e+02
828	1.66747e+02	8.28000e+02	1.01966e+00	1.66000e+02
829	1.67085e+02	8.29000e+02	1.01957e+00	1.66333e+02
830	1.67430e+02	8.30000e+02	1.01948e+00	1.66667e+02
831	1.67766e+02	8.31000e+02	1.01939e+00	1.67000e+02
832	1.68115e+02	8.32000e+02	1.01928e+00	1.67333e+02
833	1.68446e+02	8.33000e+02	1.01918e+00	1.67667e+02
834	1.68779e+02	8.34000e+02	1.01907e+00	1.68000e+02
835	1.69118e+02	8.35000e+02	1.01897e+00	1.68333e+02
836	1.69451e+02	8.36000e+02	1.01887e+00	1.68667e+02
837	1.69794e+02	8.37000e+02	1.01877e+00	1.69000e+02
838	1.70137e+02	8.38000e+02	1.01868e+00	1.69333e+02
839	1.70474e+02	8.39000e+02	1.01859e+00	1.69667e+02
840	1.70812e+02	8.40000e+02	1.01850e+00	1.70000e+02
841	1.71150e+02	8.41000e+02	1.01840e+00	1.70333e+02
842	1.71487e+02	8.42000e+02	1.01829e+00	1.70667e+02
843	1.71826e+02	8.43000e+02	1.01818e+00	1.71000e+02
844	1.72157e+02	8.44000e+02	1.01805e+00	1.71333e+02
845	1.72506e+02	8.45000e+02	1.01792e+00	1.71667e+02
846	1.72849e+02	8.46000e+02	1.01779e+00	1.72000e+02
847	1.73189e+02	8.47000e+02	1.01766e+00	1.72333e+02
848	1.73529e+02	8.48000e+02	1.01750e+00	1.72667e+02
849	1.73862e+02	8.49000e+02	1.01736e+00	1.73000e+02
850	1.74207e+02	8.50000e+02	1.01721e+00	1.73333e+02
851	1.74545e+02	8.51000e+02	1.01706e+00	1.73667e+02
852	1.74890e+02	8.52000e+02	1.01690e+00	1.74000e+02
853	1.75219e+02	8.53000e+02	1.01674e+00	1.74333e+02
854	1.75565e+02	8.54000e+02	1.01657e+00	1.74667e+02
855	1.75887e+02	8.55000e+02	1.01640e+00	1.75000e+02
856	1.76229e+02	8.56000e+02	1.01621e+00	1.75333e+02
857	1.76589e+02	8.57000e+02	1.01603e+00	1.75667e+02
858	1.76914e+02	8.58000e+02	1.01584e+00	1.76000e+02
859	1.77262e+02	8.59000e+02	1.01566e+00	1.76333e+02
860	1.77598e+02	8.60000e+02	1.01546e+00	1.76667e+02
861	1.77943e+02	8.61000e+02	1.01527e+00	1.77000e+02
862	1.78283e+02	8.62000e+02	1.01507e+00	1.77333e+02
863	1.78623e+02	8.63000e+02	1.01486e+00	1.77667e+02
864	1.78965e+02	8.64000e+02	1.01464e+00	1.78000e+02
865	1.79305e+02	8.65000e+02	1.01442e+00	1.78333e+02
866	1.79639e+02	8.66000e+02	1.01419e+00	1.78667e+02
867	1.79977e+02	8.67000e+02	1.01396e+00	1.79000e+02
868	1.80311e+02	8.68000e+02	1.01369e+00	1.79333e+02
869	1.80645e+02	8.69000e+02	1.01343e+00	1.79667e+02
870	1.80994e+02	8.70000e+02	1.01317e+00	1.80000e+02
871	1.81329e+02	8.71000e+02	1.01290e+00	1.80333e+02
872	1.81664e+02	8.72000e+02	1.01260e+00	1.80667e+02
873	1.81998e+02	8.73000e+02	1.01231e+00	1.81000e+02
874	1.82346e+02	8.74000e+02	1.01201e+00	1.81333e+02
875	1.82679e+02	8.75000e+02	1.01172e+00	1.81667e+02
876	1.83024e+02	8.76000e+02	1.01140e+00	1.82000e+02
877	1.83357e+02	8.77000e+02	1.01109e+00	1.82333e+02
878	1.83690e+02	8.78000e+02	1.01078e+00	1.82667e+02
879	1.84032e+02	8.79000e+02	1.01047e+00	1.83000e+02
880	1.84369e+02	8.80000e+02	1.01016e+00	1.83333e+02
881	1.84719e+02	8.81000e+02	1.00984e+00	1.83667e+02
882	1.85064e+02	8.82000e+02	1.00953e+00	1.84000e+02
883	1.85393e+02	8.83000e+02	1.00921e+00	1.84333e+02
884	1.85732e+02	8.84000e+02	1.00888e+00	1.84667e+02
885	1.86076e+02	8.85000e+02	1.00854e+00	1.85000e+02
886	1.86415e+02	8.86000e+02	1.00820e+00	1.85333e+02
887	1.86766e+02	8.87000e+02	1.00786e+00	1.85667e+02
888	1.87108e+02	8.88000e+02	1.00749e+00	1.86000e+02
889	1.87446e+02	8.89000e+02	1.00712e+00	1.86333e+02
890	1.87764e+02	8.90000e+02	1.00675e+00	1.86667e+02
891	1.88118e+02	8.91000e+02	1.00637e+00	1.87000e+02
892	1.88451e+02	8.92000e+02	1.00597e+00	1.87333e+02
893	1.88787e+02	8.93000e+02	1.00558e+00	1.87667e+02
894	1.89133e+02	8.94000e+02	1.00518e+00	1.88000e+02
895	1.89468e+02	8.95000e+02	1.00479e+00	1.88333e+02
896	1.89813e+02	8.96000e+02	1.00439e+00	1.88667e+02
897	1.90155e+02	8.97000e+02	1.00400e+00	1.89000e+02
898	1.90480e+02	8.98000e+02	1.00360e+00	1.89333e+02
899	1.90819e+02	8.99000e+02	1.00321e+00	1.89667e+02
900	1.91158e+02	9.00000e+02	1.00283e+00	1.90000e+02
901	1.91497e+02	9.01000e+02	1.00244e+00	1.90333e+02
902	1.91839e+02	9.02000e+02	1.00205e+00	1.90667e+02
903	1.92174e+02	9.03000e+02	1.00166e+00	1.91000e+02
904	1.92524e+02	9.04000e+02	1.00128e+00	1.91333e+02
905	1.92851e+02	9.05000e+02	1.00089e+00	1.91667e+02
906	1.93188e+02	9.06000e+02	1.00051e+00	1.92000e+02
907	1.93534e+02	9.07000e+02	1.00013e+00	1.92333e+02
908	1.93868e+02	9.08000e+02	9.99759e-01	1.92667e+02
909	1.94212e+02	9.09000e+02	9.99389e-01	1.93000e+02
910	1.94541e+02	9.10000e+02	9.99023e-01	1.93333e+02
911	1.94896e+02	9.11000e+02	9.98662e-01	1.93667e+02
912	1.95247e+02	9.12000e+02	9.98318e-01	1.94000e+02
913	1.95577e+02	9.13000e+02	9.97974e-01	1.94333e+02
914	1.95902e+02	9.14000e+02	9.97633e-01	1.94667e+02
915	1.96245e+02	9.15000e+02	9.97294e-01	1.95000e+02
916	1.96574e+02	9.16000e+02	9.96973e-01	1.95333e+02
917	1.96919e+02	9.17000e+02	9.96644e-01	1.95667e+02
918	1.97273e+02	9.18000e+02	9.96314e-01	1.96000e+02
919	1.97591e+02	9.19000e+02	9.95985e-01	1.96333e+02
920	1.97945e+02	9.20000e+02	9.95662e-01	1.96667e+02
921	1.98286e+02	9.21000e+02	9.95342e-01	1.97000e+02
922	1.98627e+02	9.22000e+02	9.95026e-01	1.97333e+02
923	1.98963e+02	9.23000e+02	9.94713e-01	1.97667e+02
924	1.99303e+02	9.24000e+02	9.94414e-01	1.98000e+02
925	1.99645e+02	9.25000e+02	9.94113e-01	1.98333e+02
926	1.99988e+02	9.26000e+02	9.93815e-01	1.98667e+02
927	2.00333e+02	9.27000e+02	9.93521e-01	1.99000e+02
928	2.00673e+02	9.28000e+02	9.93246e-01	1.99333e+02
929	2.01010e+02	9.29000e+02	9.92974e-01	1.99667e+02
930	2.01346e+02	9.30000e+02	9.92711e-01	2.00000e+02
931	2.01679e+02	9.31000e+02	9.92453e-01	2.00333e+02
932	2.02030e+02	9.32000e+02	9.92224e-01	2.00667e+02
933	2.02367e+02	9.33000e+02	9.91989e-01	2.01000e+02
934	2.02700e+02	9.34000e+02	9.91758e-01	2.01333e+02
935	2.03042e+02	9.35000e+02	9.91531e-01	2.01667e+02
936	2.03382e+02	9.36000e+02	9.91329e-01	2.02000e+02
937	2.03721e+02	9.37000e+02	9.91122e-01	2.02333e+02
938	2.04066e+02	9.38000e+02	9.90918e-01	2.02667e+02
939	2.04403e+02	9.39000e+02	9.90717e-01	2.03000e+02
940	2.04746e+02	9.40000e+02	9.90534e-01	2.03333e+02
941	2.05101e+02	9.41000e+02	9.90346e-01	2.03667e+02
942	2.05455e+02	9.42000e+02	9.90160e-01	2.04000e+02
943	2.05801e+02	9.43000e+02	9.89977e-01	2.04333e+02
944	2.06131e+02	9.44000e+02	9.89810e-01	2.04667e+02
945	2.06478e+02	9.45000e+02	9.89643e-01	2.05000e+02
946	2.06825e+02	9.46000e+02	9.89479e-01	2.05333e+02
947	2.07182e+02	9.47000e+02	9.89320e-01	2.05667e+02
948	2.07512e+02	9.48000e+02	9.89179e-01	2.06000e+02
949	2.07880e+02	9.49000e+02	9.89035e-01	2.06333e+02
950	2.08241e+02	9.50000e+02	9.88892e-01	2.06667e+02
951	2.08596e+02	9.51000e+02	9.88752e-01	2.07000e+02
952	2.08954e+02	9.52000e+02	9.88626e-01	2.07333e+02
953	2.09283e+02	9.53000e+02	9.88498e-01	2.07667e+02
954	2.09618e+02	9.54000e+02	9.88374e-01	2.08000e+02
955	2.09961e+02	9.55000e+02	9.88255e-01	2.08333e+02
956	2.10290e+02	9.56000e+02	9.88155e-01	2.08667e+02
957	2.10620e+02	9.57000e+02	9.88055e-01	2.09000e+02
958	2.10963e+02	9.58000e+02	9.87958e-01	2.09333e+02
959	2.11316e+02	9.59000e+02	9.87864e-01	2.09667e+02
960	2.11682e+02	9.60000e+02	9.87790e-01	2.10000e+02
961	2.12004e+02	9.61000e+02	9.87708e-01	2.10333e+02
962	2.12343e+02	9.62000e+02	9.87626e-01	2.10667e+02
963	2.12682e+02	9.63000e+02	9.87545e-01	2.11000e+02
964	2.13037e+02	9.64000e+02	9.87468e-01	2.11333e+02
965	2.13381e+02	9.65000e+02	9.87390e-01	2.11667e+02
966	2.13730e+02	9.66000e+02	9.87313e-01	2.12000e+02
967	2.14063e+02	9.67000e+02	9.87236e-01	2.12333e+02
968	2.14403e+02	9.68000e+02	9.87164e-01	2.12667e+02
969	2.14740e+02	9.69000e+02	9.87092e-01	2.13000e+02
970	2.15073e+02	9.70000e+02	9.87022e-01	2.13333e+02
971	2.15411e+02	9.71000e+02	9.86952e-01	2.13667e+02
972	2.15750e+02	9.72000e+02	9.86884e-01	2.14000e+02
973	2.16085e+02	9.73000e+02	9.86810e-01	2.14333e+02
974	2.16424e+02	9.74000e+02	9.86731e-01	2.14667e+02
975	2.16766e+02	9.75000e+02	9.86649e-01	2.15000e+02
976	2.17107e+02	9.76000e+02	9.86555e-01	2.15333e+02
977	2.17445e+02	9.77000e+02	9.86464e-01	2.15667e+02
978	2.17799e+02	9.78000e+02	9.86373e-01	2.16000e+02
979	2.18132e+02	9.79000e+02	9.86282e-01	2.16333e+02
980	2.18467e+02	9.80000e+02	9.86189e-01	2.16667e+02
981	2.18817e+02	9.81000e+02	9.86105e-01	2.17000e+02
982	2.19156e+02	9.82000e+02	9.86025e-01	2.17333e+02
983	2.19496e+02	9.83000e+02	9.85948e-01	2.17667e+02
984	2.19842e+02	9.84000e+02	9.85886e-01	2.18000e+02
985	2.20177e+02	9.85000e+02	9.85819e-01	2.18333e+02
986	2.20513e+02	9.86000e+02	9.85751e-01	2.18667e+02
987	2.20847e+02	9.87000e+02	9.85683e-01	2.19000e+02
988	2.21190e+02	9.88000e+02	9.85621e-01	2.19333e+02
989	2.21531e+02	9.89000e+02	9.85557e-01	2.19667e+02
990	2.21873e+02	9.90000e+02	9.85496e-01	2.20000e+02
991	2.22210e+02	9.91000e+02	9.85436e-01	2.20333e+02
992	2.22550e+02	9.92000e+02	9.85386e-01	2.20667e+02
993	2.22877e+02	9.93000e+02	9.85337e-01	2.21000e+02
994	2.23221e+02	9.94000e+02	9.85290e-01	2.21333e+02
995	2.23554e+02	9.95000e+02	9.85244e-01	2.21667e+02
996	2.23885e+02	9.96000e+02	9.85204e-01	2.22000e+02
997	2.24233e+02	9.97000e+02	9.85151e-01	2.22333e+02
998	2.24578e+02	9.98000e+02	9.85090e-01	2.22667e+02
999	2.24912e+02	9.99000e+02	9.85024e-01	2.23000e+02
1000	2.25251e+02	1.00000e+03	9.84929e-01	2.23333e+02
1001	2.25594e+02	1.00100e+03	9.84838e-01	2.23667e+02
1002	2.25924e+02	1.00200e+03	9.84745e-01	2.24000e+02
1003	2.26262e+02	1.00300e+03	9.84650e-01	2.24333e+02
1004	2.26604e+02	1.00400e+03	9.84535e-01	2.24667e+02
1005	2.26933e+02	1.00500e+03	9.84433e-01	2.25000e+02
1006	2.27273e+02	1.00600e+03	9.84335e-01	2.25333e+02
1007	2.27609e+02	1.00700e+03	9.84237e-01	2.25667e+02
1008	2.27953e+02	1.00800e+03	9.84150e-01	2.26000e+02
1009	2.28290e+02	1.00900e+03	9.84061e-01	2.26333e+02
1010	2.28628e+02	1.01000e+03	9.83975e-01	2.26667e+02
1011	2.28958e+02	1.01100e+03	9.83890e-01	2.27000e+02
1012	2.29306e+02	1.01200e+03	9.83813e-01	2.27333e+02
1013	2.29632e+02	1.01300e+03	9.83733e-01	2.27667e+02
1014	2.29978e+02	1.01400e+03	9.83652e-01	2.28000e+02
1015	2.30322e+02	1.01500e+03	9.83569e-01	2.28333e+02
1016	2.30663e+02	1.01600e+03	9.83485e-01	2.28667e+02
1017	2.30998e+02	1.01700e+03	9.83400e-01	2.29000e+02
1018	2.31330e+02	1.01800e+03	9.83312e-01	2.29333e+02
1019	2.31677e+02	1.01900e+03	9.83223e-01	2.29667e+02
1020	2.32014e+02	1.02000e+03	9.83127e-01	2.30000e+02
1021	2.32346e+02	1.02100e+03	9.83033e-01	2.30333e+02
1022	2.32684e+02	1.02200e+03	9.82942e-01	2.30667e+02
1023	2.33023e+02	1.02300e+03	9.82854e-01	2.31000e+02
1024	2.33351e+02	1.02400e+03	9.82771e-01	2.31333e+02
1025	2.33694e+02	1.02500e+03	9.82691e-01	2.31667e+02
1026	2.34037e+02	1.02600e+03	9.82614e-01	2.32000e+02
1027	2.34372e+02	1.02700e+03	9.82540e-01	2.32333e+02
1028	2.34713e+02	1.02800e+03	9.82480e-01	2.32667e+02
1029	2.35052e+02	1.02900e+03	9.82415e-01	2.33000e+02
1030	2.35388e+02	1.03000e+03	9.82348e-01	2.33333e+02
1031	2.35720e+02	1.03100e+03	9.82281e-01	2.33667e+02
1032	2.36063e+02	1.03200e+03	9.82214e-01	2.34000e+02
1033	2.36403e+02	1.03300e+03	9.82146e-01	2.34333e+02
1034	2.36729e+02	1.03400e+03	9.82078e-01	2.34667e+02
1035	2.37054e+02	1.03500e+03	9.82010e-01	2.35000e+02
1036	2.37414e+02	1.03600e+03	9.81944e-01	2.35333e+02
1037	2.37752e+02	1.03700e+03	9.81881e-01	2.35667e+02
1038	2.38101e+02	1.03800e+03	9.81822e-01	2.36000e+02
1039	2.38428e+02	1.03900e+03	9.81766e-01	2.36333e+02
1040	2.38761e+02	1.04000e+03	9.81720e-01	2.36667e+02
1041	2.39098e+02	1.04100e+03	9.81672e-01	2.37000e+02
1042	2.39448e+02	1.04200e+03	9.81624e-01	2.37333e+02
1043	2.39783e+02	1.04300e+03	9.81578e-01	2.37667e+02
1044	2.40103e+02	1.04400e+03	9.81536e-01	2.38000e+02
1045	2.40450e+02	1.04500e+03	9.81489e-01	2.38333e+02
1046	2.40792e+02	1.04600e+03	9.81439e-01	2.38667e+02
1047	2.41130e+02	1.04700e+03	9.81386e-01	2.39000e+02
1048	2.41485e+02	1.04800e+03	9.81327e-01	2.39333e+02
1049	2.41825e+02	1.04900e+03	9.81268e-01	2.39667e+02
1050	2.42168e+02	1.05000e+03	9.81208e-01	2.40000e+02
1051	2.42508e+02	1.05100e+03	9.81148e-01	2.40333e+02
1052	2.42848e+02	1.05200e+03	9.81083e-01	2.40667e+02
1053	2.43178e+02	1.05300e+03	9.81023e-01	2.41000e+02
1054	2.43515e+02	1.05400e+03	9.80965e-01	2.41333e+02
1055	2.43862e+02	1.05500e+03	9.80909e-01	2.41667e+02
1056	2.44215e+02	1.05600e+03	9.80860e-01	2.42000e+02
1057	2.44540e+02	1.05700e+03	9.80809e-01	2.42333e+02
1058	2.44893e+02	1.05800e+03	9.80758e-01	2.42667e+02
1059	2.45227e+02	1.05900e+03	9.80708e-01	2.43000e+02
1060	2.45571e+02	1.06000e+03	9.80663e-01	2.43333e+02
1061	2.45918e+02	1.06100e+03	9.80615e-01	2.43667e+02
1062	2.46237e+02	1.06200e+03	9.80568e-01	2.44000e+02
1063	2.46582e+02	1.06300e+03	9.80521e-01	2.44333e+02
1064	2.46914e+02	1.06400e+03	9.80475e-01	2.44667e+02
1065	2.47247e+02	1.06500e+03	9.80428e-01	2.45000e+02
1066	2.47583e+02	1.06600e+03	9.80382e-01	2.45333e+02
1067	2.47927e+02	1.06700e+03	9.80335e-01	2.45667e+02
1068	2.48270e+02	1.06800e+03	9.80291e-01	2.46000e+02
1069	2.48595e+02	1.06900e+03	9.80247e-01	2.46333e+02
1070	2.48947e+02	1.07000e+03	9.80205e-01	2.46667e+02
1071	2.49279e+02	1.07100e+03	9.80163e-01	2.47000e+02
1072	2.49618e+02	1.07200e+03	9.80123e-01	2.47333e+02
1073	2.49951e+02	1.07300e+03	9.80081e-01	2.47667e+02
1074	2.50298e+02	1.07400e+03	9.80036e-01	2.48000e+02
1075	2.50634e+02	1.07500e+03	9.79988e-01	2.48333e+02
1076	2.50972e+02	1.07600e+03	9.79932e-01	2.48667e+02
1077	2.51304e+02	1.07700e+03	9.79875e-01	2.49000e+02
1078	2.51643e+02	1.07800e+03	9.79817e-01	2.49333e+02
1079	2.51978e+02	1.07900e+03	9.79759e-01	2.49667e+02
1080	2.52332e+02	1.08000e+03	9.79696e-01	2.50000e+02
1081	2.52661e+02	1.08100e+03	9.79643e-01	2.50333e+02
1082	2.53008e+02	1.08200e+03	9.79593e-01	2.50667e+02
1083	2.53336e+02	1.08300e+03	9.79545e-01	2.51000e+02
1084	2.53666e+02	1.08400e+03	9.79508e-01	2.51333e+02
1085	2.53996e+02	1.08500e+03	9.79464e-01	2.51667e+02
1086	2.54343e+02	1.08600e+03	9.79418e-01	2.52000e+02
1087	2.54671e+02	1.08700e+03	9.79372e-01	2.52333e+02
1088	2.55013e+02	1.08800e+03	9.79326e-01	2.52667e+02
1089	2.55354e+02	1.08900e+03	9.79283e-01	2.53000e+02
1090	2.55698e+02	1.09000e+03	9.79241e-01	2.53333e+02
1091	2.56023e+02	1.09100e+03	9.79200e-01	2.53667e+02
1092	2.56366e+02	1.09200e+03	9.79163e-01	2.54000e+02
1093	2.56711e+02	1.09300e+03	9.79123e-01	2.54333e+02
1094	2.57034e+02	1.09400e+03	9.79082e-01	2.54667e+02
1095	2.57384e+02	1.09500e+03	9.79040e-01	2.55000e+02
1096	2.57729e+02	1.09600e+03	9.78998e-01	2.55333e+02
1097	2.58057e+02	1.09700e+03	9.78956e-01	2.55667e+02
1098	2.58395e+02	1.09800e+03	9.78916e-01	2.56000e+02
1099	2.58738e+02	1.09900e+03	9.78877e-01	2.56333e+02
1100	2.59078e+02	1.10000e+03	9.78837e-01	2.56667e+02
1101	2.59408e+02	1.10100e+03	9.78797e-01	2.57000e+02
1102	2.59752e+02	1.10200e+03	9.78754e-01	2.57333e+02
1103	2.60111e+02	1.10300e+03	9.78708e-01	2.57667e+02
1104	2.60442e+02	1.10400e+03	9.78655e-01	2.58000e+02
1105	2.60781e+02	1.10500e+03	9.78599e-01	2.58333e+02
1106	2.61117e+02	1.10600e+03	9.78541e-01	2.58667e+02
1107	2.61455e+02	1.10700e+03	9.78482e-01	2.59000e+02
1108	2.61814e+02	1.10800e+03	9.78414e-01	2.59333e+02
1109	2.62165e+02	1.10900e+03	9.78356e-01	2.59667e+02
1110	2.62529e+02	1.11000e+03	9.78302e-01	2.60000e+02
1111	2.62888e+02	1.11100e+03	9.78249e-01	2.60333e+02
1112	2.63230e+02	1.11200e+03	9.78207e-01	2.60667e+02
1113	2.63575e+02	1.11300e+03	9.78161e-01	2.61000e+02
1114	2.63905e+02	1.11400e+03	9.78115e-01	2.61333e+02
1115	2.64243e+02	1.11500e+03	9.78069e-01	2.61667e+02
1116	2.64586e+02	1.11600e+03	9.78022e-01	2.62000e+02
1117	2.64930e+02	1.11700e+03	9.77972e-01	2.62333e+02
1118	2.65270e+02	1.11800e+03	9.77919e-01	2.62667e+02
1119	2.65602e+02	1.11900e+03	9.77866e-01	2.63000e+02
1120	2.65953e+02	1.12000e+03	9.77805e-01	2.63333e+02
1121	2.66285e+02	1.12100e+03	9.77749e-01	2.63667e+02
1122	2.66608e+02	1.12200e+03	9.77693e-01	2.64000e+02
1123	2.66959e+02	1.12300e+03	9.77638e-01	2.64333e+02
1124	2.67316e+02	1.12400e+03	9.77586e-01	2.64667e+02
1125	2.67665e+02	1.12500e+03	9.77534e-01	2.65000e+02
1126	2.68005e+02	1.12600e+03	9.77484e-01	2.65333e+02
1127	2.68375e+02	1.12700e+03	9.77433e-01	2.65667e+02
1128	2.68721e+02	1.12800e+03	9.77386e-01	2.66000e+02
1129	2.69056e+02	1.12900e+03	9.77337e-01	2.66333e+02
1130	2.69388e+02	1.13000e+03	9.77285e-01	2.66667e+02
1131	2.69719e+02	1.13100e+03	9.77232e-01	2.67000e+02
1132	2.70080e+02	1.13200e+03	9.77172e-01	2.67333e+02
1133	2.70431e+02	1.13300e+03	9.77113e-01	2.67667e+02
1134	2.70769e+02	1.13400e+03	9.77052e-01	2.68000e+02
1135	2.71121e+02	1.13500e+03	9.76989e-01	2.68333e+02
1136	2.71447e+02	1.13600e+03	9.76922e-01	2.68667e+02
1137	2.71782e+02	1.13700e+03	9.76859e-01	2.69000e+02
1138	2.72109e+02	1.13800e+03	9.76797e-01	2.69333e+02
1139	2.72451e+02	1.13900e+03	9.76733e-01	2.69667e+02
1140	2.72767e+02	1.14000e+03	9.76670e-01	2.70000e+02
1141	2.73097e+02	1.14100e+03	9.76601e-01	2.70333e+02
1142	2.73427e+02	1.14200e+03	9.76525e-01	2.70667e+02
1143	2.73768e+02	1.14300e+03	9.76447e-01	2.71000e+02
1144	2.74085e+02	1.14400e+03	9.76356e-01	2.71333e+02
1145	2.74423e+02	1.14500e+03	9.76267e-01	2.71667e+02
1146	2.74747e+02	1.14600e+03	9.76179e-01	2.72000e+02
1147	2.75073e+02	1.14700e+03	9.76092e-01	2.72333e+02
1148	2.75398e+02	1.14800e+03	9.75996e-01	2.72667e+02
1149	2.75725e+02	1.14900e+03	9.75904e-01	2.73000e+02
1150	2.76060e+02	1.15000e+03	9.75811e-01	2.73333e+02
1151	2.76396e+02	1.15100e+03	9.75718e-01	2.73667e+02
1152	2.76715e+02	1.15200e+03	9.75623e-01	2.74000e+02
1153	2.77048e+02	1.15300e+03	9.75524e-01	2.74333e+02
1154	2.77391e+02	1.15400e+03	9.75425e-01	2.74667e+02
1155	2.77702e+02	1.15500e+03	9.75323e-01	2.75000e+02
1156	2.78024e+02	1.15600e+03	9.75215e-01	2.75333e+02
1157	2.78352e+02	1.15700e+03	9.75111e-01	2.75667e+02
1158	2.78683e+02	1.15800e+03	9.75006e-01	2.76000e+02
1159	2.79016e+02	1.15900e+03	9.74900e-01	2.76333e+02
1160	2.79349e+02	1.16000e+03	9.74786e-01	2.76667e+02
1161	2.79681e+02	1.16100e+03	9.74668e-01	2.77000e+02
1162	2.80018e+02	1.16200e+03	9.74545e-01	2.77333e+02
1163	2.80348e+02	1.16300e+03	9.74420e-01	2.77667e+02
1164	2.80684e+02	1.16400e+03	9.74283e-01	2.78000e+02
1165	2.81018e+02	1.16500e+03	9.74152e-01	2.78333e+02
1166	2.81347e+02	1.16600e+03	9.74019e-01	2.78667e+02
1167	2.81674e+02	1.16700e+03	9.73884e-01	2.79000e+02
1168	2.82007e+02	1.16800e+03	9.73748e-01	2.79333e+02
1169	2.82350e+02	1.16900e+03	9.73615e-01	2.79667e+02
1170	2.82687e+02	1.17000e+03	9.73483e-01	2.80000e+02
1171	2.83026e+02	1.17100e+03	9.73349e-01	2.80333e+02
1172	2.83348e+02	1.17200e+03	9.73213e-01	2.80667e+02
1173	2.83683e+02	1.17300e+03	9.73074e-01	2.81000e+02
1174	2.84021e+02	1.17400e+03	9.72933e-01	2.81333e+02
1175	2.84357e+02	1.17500e+03	9.72791e-01	2.81667e+02
1176	2.84696e+02	1.17600e+03	9.72641e-01	2.82000e+02
1177	2.85018e+02	1.17700e+03	9.72491e-01	2.82333e+02
1178	2.85359e+02	1.17800e+03	9.72338e-01	2.82667e+02
1179	2.85694e+02	1.17900e+03	9.72181e-01	2.83000e+02
1180	2.86035e+02	1.18000e+03	9.72014e-01	2.83333e+02
1181	2.86381e+02	1.18100e+03	9.71849e-01	2.83667e+02
1182	2.86718e+02	1.18200e+03	9.71680e-01	2.84000e+02
1183	2.87069e+02	1.18300e+03	9.71508e-01	2.84333e+02
1184	2.87404e+02	1.18400e+03	9.71320e-01	2.84667e+02
1185	2.87734e+02	1.18500e+03	9.71131e-01	2.85000e+02
1186	2.88080e+02	1.18600e+03	9.70936e-01	2.85333e+02
1187	2.88418e+02	1.18700e+03	9.70736e-01	2.85667e+02
1188	2.88752e+02	1.18800e+03	9.70515e-01	2.86000e+02
1189	2.89101e+02	1.18900e+03	9.70299e-01	2.86333e+02
1190	2.89435e+02	1.19000e+03	9.70081e-01	2.86667e+02
1191	2.89768e+02	1.19100e+03	9.69862e-01	2.87000e+02
1192	2.90115e+02	1.19200e+03	9.69628e-01	2.87333e+02
1193	2.90449e+02	1.19300e+03	9.69398e-01	2.87667e+02
1194	2.90793e+02	1.19400e+03	9.69165e-01	2.88000e+02
1195	2.91125e+02	1.19500e+03	9.68930e-01	2.88333e+02
1196	2.91460e+02	1.19600e+03	9.68684e-01	2.88667e+02
1197	2.91780e+02	1.19700e+03	9.68438e-01	2.89000e+02
1198	2.92126e+02	1.19800e+03	9.68187e-01	2.89333e+02
1199	2.92454e+02	1.19900e+03	9.67933e-01	2.89667e+02
1200	2.92787e+02	1.20000e+03	9.67658e-01	2.90000e+02
1201	2.93119e+02	1.20100e+03	9.67385e-01	2.90333e+02
1202	2.93446e+02	1.20200e+03	9.67108e-01	2.90667e+02
1203	2.93775e+02	1.20300e+03	9.66828e-01	2.91000e+02
1204	2.94103e+02	1.20400e+03	9.66529e-01	2.91333e+02
1205	2.94453e+02	1.20500e+03	9.66237e-01	2.91667e+02
1206	2.94784e+02	1.20600e+03	9.65943e-01	2.92000e+02
1207	2.95130e+02	1.20700e+03	9.65647e-01	2.92333e+02
1208	2.95468e+02	1.20800e+03	9.65342e-01	2.92667e+02
1209	2.95793e+02	1.20900e+03	9.65036e-01	2.93000e+02
1210	2.96125e+02	1.21000e+03	9.64727e-01	2.93333e+02
1211	2.96463e+02	1.21100e+03	9.64414e-01	2.93667e+02
1212	2.96801e+02	1.21200e+03	9.64087e-01	2.94000e+02
1213	2.97141e+02	1.21300e+03	9.63759e-01	2.94333e+02
1214	2.97474e+02	1.21400e+03	9.63427e-01	2.94667e+02
1215	2.97804e+02	1.21500e+03	9.63092e-01	2.95000e+02
1216	2.98146e+02	1.21600e+03	9.62737e-01	2.95333e+02
1217	2.98478e+02	1.21700e+03	9.62386e-01	2.95667e+02
1218	2.98814e+02	1.21800e+03	9.62030e-01	2.96000e+02
1219	2.99156e+02	1.21900e+03	9.61669e-01	2.96333e+02
1220	2.99490e+02	1.22000e+03	9.61287e-01	2.96667e+02
1221	2.99826e+02	1.22100e+03	9.60903e-01	2.97000e+02
1222	3.00164e+02	1.22200e+03	9.60514e-01	2.97333e+02
1223	3.00493e+02	1.22300e+03	9.60121e-01	2.97667e+02
1224	3.00825e+02	1.22400e+03	9.59703e-01	2.98000e+02
1225	3.01161e+02	1.22500e+03	9.59293e-01	2.98333e+02
1226	3.01495e+02	1.22600e+03	9.58880e-01	2.98667e+02
1227	3.01825e+02	1.22700e+03	9.58463e-01	2.99000e+02
1228	3.02159e+02	1.22800e+03	9.58027e-01	2.99333e+02
1229	3.02492e+02	1.22900e+03	9.57591e-01	2.99667e+02
1230	3.02830e+02	1.23000e+03	9.57148e-01	3.00000e+02
1231	3.03164e+02	1.23100e+03	9.56701e-01	3.00333e+02
1232	3.03498e+02	1.23200e+03	9.56230e-01	3.00667e+02
1233	3.03827e+02	1.23300e+03	9.55766e-01	3.01000e+02
1234	3.04156e+02	1.23400e+03	9.55301e-01	3.01333e+02
1235	3.04497e+02	1.23500e+03	9.54833e-01	3.01667e+02
1236	3.04836e+02	1.23600e+03	9.54355e-01	3.02000e+02
1237	3.05167e+02	1.23700e+03	9.53881e-01	3.02333e+02
1238	3.05501e+02	1.23800e+03	9.53405e-01	3.02667e+02
1239	3.05841e+02	1.23900e+03	9.52926e-01	3.03000e+02
1240	3.06175e+02	1.24000e+03	9.52436e-01	3.03333e+02
1241	3.06503e+02	1.24100e+03	9.51944e-01	3.03667e+02
1242	3.06835e+02	1.24200e+03	9.51449e-01	3.04000e+02
1243	3.07180e+02	1.24300e+03	9.50952e-01	3.04333e+02
1244	3.07501e+02	1.24400e+03	9.50439e-01	3.04667e+02
1245	3.07837e+02	1.24500e+03	9.49933e-01	3.05000e+02
1246	3.08165e+02	1.24600e+03	9.49427e-01	3.05333e+02
1247	3.08501e+02	1.24700e+03	9.48922e-01	3.05667e+02
1248	3.08839e+02	1.24800e+03	9.48415e-01	3.06000e+02
1249	3.09176e+02	1.24900e+03	9.47909e-01	3.06333e+02
1250	3.09505e+02	1.25000e+03	9.47404e-01	3.06667e+02
1251	3.09837e+02	1.25100e+03	9.46897e-01	3.07000e+02
1252	3.10169e+02	1.25200e+03	9.46387e-01	3.07333e+02
1253	3.10512e+02	1.25300e+03	9.45875e-01	3.07667e+02
1254	3.10851e+02	1.25400e+03	9.45361e-01	3.08000e+02
1255	3.11186e+02	1.25500e+03	9.44844e-01	3.08333e+02
1256	3.11522e+02	1.25600e+03	9.44316e-01	3.08667e+02
1257	3.11868e+02	1.25700e+03	9.43789e-01	3.09000e+02
1258	3.12209e+02	1.25800e+03	9.43260e-01	3.09333e+02
1259	3.12544e+02	1.25900e+03	9.42728e-01	3.09667e+02
1260	3.12887e+02	1.26000e+03	9.42186e-01	3.10000e+02
1261	3.13224e+02	1.26100e+03	9.41645e-01	3.10333e+02
1262	3.13570e+02	1.26200e+03	9.41103e-01	3.10667e+02
1263	3.13917e+02	1.26300e+03	9.40560e-01	3.11000e+02
1264	3.14280e+02	1.26400e+03	9.40011e-01	3.11333e+02
1265	3.14615e+02	1.26500e+03	9.39465e-01	3.11667e+02
1266	3.14957e+02	1.26600e+03	9.38919e-01	3.12000e+02
1267	3.15306e+02	1.26700e+03	9.38373e-01	3.12333e+02
1268	3.15653e+02	1.26800e+03	9.37829e-01	3.12667e+02
1269	3.15991e+02	1.26900e+03	9.37287e-01	3.13000e+02
1270	3.16338e+02	1.27000e+03	9.36747e-01	3.13333e+02
1271	3.16682e+02	1.27100e+03	9.36208e-01	3.13667e+02
1272	3.17015e+02	1.27200e+03	9.35672e-01	3.14000e+02
1273	3.17343e+02	1.27300e+03	9.35132e-01	3.14333e+02
1274	3.17680e+02	1.27400e+03	9.34589e-01	3.14667e+02
1275	3.18011e+02	1.27500e+03	9.34045e-01	3.15000e+02
1276	3.18349e+02	1.27600e+03	9.33496e-01	3.15333e+02
1277	3.18677e+02	1.27700e+03	9.32947e-01	3.15667e+02
1278	3.19026e+02	1.27800e+03	9.32395e-01	3.16000e+02
1279	3.19368e+02	1.27900e+03	9.31843e-01	3.16333e+02
1280	3.19705e+02	1.28000e+03	9.31285e-01	3.16667e+02
1281	3.20047e+02	1.28100e+03	9.30730e-01	3.17000e+02
1282	3.20396e+02	1.28200e+03	9.30173e-01	3.17333e+02
1283	3.20729e+02	1.28300e+03	9.29614e-01	3.17667e+02
1284	3.21065e+02	1.28400e+03	9.29050e-01	3.18000e+02
1285	3.21414e+02	1.28500e+03	9.28484e-01	3.18333e+02
1286	3.21776e+02	1.28600e+03	9.27915e-01	3.18667e+02
1287	3.22107e+02	1.28700e+03	9.27345e-01	3.19000e+02
1288	3.22464e+02	1.28800e+03	9.26762e-01	3.19333e+02
1289	3.22789e+02	1.28900e+03	9.26183e-01	3.19667e+02
1290	3.23126e+02	1.29000e+03	9.25601e-01	3.20000e+02
1291	3.23505e+02	1.29100e+03	9.25017e-01	3.20333e+02
1292	3.23841e+02	1.29200e+03	9.24421e-01	3.20667e+02
1293	3.24203e+02	1.29300e+03	9.23825e-01	3.21000e+02
1294	3.24551e+02	1.29400e+03	9.23226e-01	3.21333e+02
1295	3.24878e+02	1.29500e+03	9.22624e-01	3.21667e+02
1296	3.25225e+02	1.29600e+03	9.22007e-01	3.22000e+02
1297	3.25553e+02	1.29700e+03	9.21391e-01	3.22333e+02
1298	3.25899e+02	1.29800e+03	9.20768e-01	3.22667e+02
1299	3.26233e+02	1.29900e+03	9.20138e-01	3.23000e+02
1300	3.26568e+02	1.30000e+03	9.19480e-01	3.23333e+02
1301	3.26898e+02	1.30100e+03	9.18815e-01	3.23667e+02
1302	3.27240e+02	1.30200e+03	9.18137e-01	3.24000e+02
1303	3.27573e+02	1.30300e+03	9.17448e-01	3.24333e+02
1304	3.27921e+02	1.30400e+03	9.16707e-01	3.24667e+02
1305	3.28260e+02	1.30500e+03	9.15977e-01	3.25000e+02
1306	3.28601e+02	1.30600e+03	9.15241e-01	3.25333e+02
1307	3.28920e+02	1.30700e+03	9.14499e-01	3.25667e+02
1308	3.29278e+02	1.30800e+03	9.13719e-01	3.26000e+02
1309	3.29629e+02	1.30900e+03	9.12946e-01	3.26333e+02
1310	3.29982e+02	1.31000e+03	9.12166e-01	3.26667e+02
1311	3.30342e+02	1.31100e+03	9.11379e-01	3.27000e+02
1312	3.30702e+02	1.31200e+03	9.10556e-01	3.27333e+02
1313	3.31076e+02	1.31300e+03	9.09732e-01	3.27667e+02
1314	3.31411e+02	1.31400e+03	9.08894e-01	3.28000e+02
1315	3.31750e+02	1.31500e+03	9.08046e-01	3.28333e+02
1316	3.32089e+02	1.31600e+03	9.07139e-01	3.28667e+02
1317	3.32421e+02	1.31700e+03	9.06235e-01	3.29000e+02
1318	3.32755e+02	1.31800e+03	9.05315e-01	3.29333e+02
1319	3.33104e+02	1.31900e+03	9.04381e-01	3.29667e+02
1320	3.33433e+02	1.32000e+03	9.03375e-01	3.30000e+02
1321	3.33762e+02	1.32100e+03	9.02376e-01	3.30333e+02
1322	3.34100e+02	1.32200e+03	9.01362e-01	3.30667e+02
1323	3.34427e+02	1.32300e+03	9.00334e-01	3.31000e+02
1324	3.34773e+02	1.32400e+03	8.99233e-01	3.31333e+02
1325	3.35109e+02	1.32500e+03	8.98145e-01	3.31667e+02
1326	3.35457e+02	1.32600e+03	8.97044e-01	3.32000e+02
1327	3.35777e+02	1.32700e+03	8.95931e-01	3.32333e+02
1328	3.36126e+02	1.32800e+03	8.94756e-01	3.32667e+02
1329	3.36462e+02	1.32900e+03	8.93589e-01	3.33000e+02
1330	3.36813e+02	1.33000e+03	8.92403e-01	3.33333e+02
1331	3.37150e+02	1.33100e+03	8.91200e-01	3.33667e+02
1332	3.37487e+02	1.33200e+03	8.89927e-01	3.34000e+02
1333	3.37824e+02	1.33300e+03	8.88659e-01	3.34333e+02
1334	3.38150e+02	1.33400e+03	8.87373e-01	3.34667e+02
1335	3.38489e+02	1.33500e+03	8.86070e-01	3.35000e+02
1336	3.38822e+02	1.33600e+03	8.84679e-01	3.35333e+02
1337	3.39160e+02	1.33700e+03	8.83297e-01	3.35667e+02
1338	3.39489e+02	1.33800e+03	8.81890e-01	3.36000e+02
1339	3.39822e+02	1.33900e+03	8.80463e-01	3.36333e+02
1340	3.40165e+02	1.34000e+03	8.78937e-01	3.36667e+02
1341	3.40517e+02	1.34100e+03	8.77421e-01	3.37000e+02
1342	3.40849e+02	1.34200e+03	8.75883e-01	3.37333e+02
1343	3.41183e+02	1.34300e+03	8.74325e-01	3.37667e+02
1344	3.41519e+02	1.34400e+03	8.72658e-01	3.38000e+02
1345	3.41852e+02	1.34500e+03	8.71007e-01	3.38333e+02
1346	3.42198e+02	1.34600e+03	8.69332e-01	3.38667e+02
1347	3.42532e+02	1.34700e+03	8.67635e-01	3.39000e+02
1348	3.42872e+02	1.34800e+03	8.65826e-01	3.39333e+02
1349	3.43213e+02	1.34900e+03	8.64030e-01	3.39667e+02
1350	3.43547e+02	1.35000e+03	8.62209e-01	3.40000e+02
1351	3.43884e+02	1.35100e+03	8.60367e-01	3.40333e+02
1352	3.44227e+02	1.35200e+03	8.58406e-01	3.40667e+02
1353	3.44584e+02	1.35300e+03	8.56463e-01	3.41000e+02
1354	3.44912e+02	1.35400e+03	8.54494e-01	3.41333e+02
1355	3.45240e+02	1.35500e+03	8.52500e-01	3.41667e+02
1356	3.45586e+02	1.35600e+03	8.50387e-01	3.42000e+02
1357	3.45923e+02	1.35700e+03	8.48285e-01	3.42333e+02
1358	3.46272e+02	1.35800e+03	8.46156e-01	3.42667e+02
1359	3.46618e+02	1.35900e+03	8.44002e-01	3.43000e+02
1360	3.46971e+02	1.36000e+03	8.41715e-01	3.43333e+02
1361	3.47304e+02	1.36100e+03	8.39444e-01	3.43667e+02
1362	3.47647e+02	1.36200e+03	8.37142e-01	3.44000e+02
1363	3.47990e+02	1.36300e+03	8.34812e-01	3.44333e+02
1364	3.48325e+02	1.36400e+03	8.32340e-01	3.44667e+02
1365	3.48658e+02	1.36500e+03	8.29883e-01	3.45000e+02
1366	3.48995e+02	1.36600e+03	8.27395e-01	3.45333e+02
1367	3.49331e+02	1.36700e+03	8.24879e-01	3.45667e+02
1368	3.49666e+02	1.36800e+03	8.22214e-01	3.46000e+02
1369	3.50010e+02	1.36900e+03	8.19569e-01	3.46333e+02
1370	3.50356e+02	1.37000e+03	8.16892e-01	3.46667e+02
1371	3.50679e+02	1.37100e+03	8.14183e-01	3.47000e+02
1372	3.51019e+02	1.37200e+03	8.11323e-01	3.47333e+02
1373	3.51365e+02	1.37300e+03	8.08477e-01	3.47667e+02
1374	3.51714e+02	1.37400e+03	8.05597e-01	3.48000e+02
1375	3.52058e+02	1.37500e+03	8.02688e-01	3.48333e+02
1376	3.52408e+02	1.37600e+03	7.99621e-01	3.48667e+02
1377	3.52776e+02	1.37700e+03	7.96581e-01	3.49000e+02
1378	3.53117e+02	1.37800e+03	7.93511e-01	3.49333e+02
1379	3.53462e+02	1.37900e+03	7.90413e-01	3.49667e+02
1380	3.53816e+02	1.38000e+03	7.87169e-01	3.50000e+02
1381	3.54146e+02	1.38100e+03	7.83939e-01	3.50333e+02
1382	3.54487e+02	1.38200e+03	7.80675e-01	3.50667e+02
1383	3.54832e+02	1.38300e+03	7.77384e-01	3.51000e+02
1384	3.55180e+02	1.38400e+03	7.73934e-01	3.51333e+02
1385	3.55520e+02	1.38500e+03	7.70503e-01	3.51667e+02
1386	3.55876e+02	1.38600e+03	7.67039e-01	3.52000e+02
1387	3.56226e+02	1.38700e+03	7.63543e-01	3.52333e+02
1388	3.56550e+02	1.38800e+03	7.59887e-01	3.52667e+02
1389	3.56880e+02	1.38900e+03	7.56251e-01	3.53000e+02
1390	3.57211e+02	1.39000e+03	7.52581e-01	3.53333e+02
1391	3.57535e+02	1.39100e+03	7.48878e-01	3.53667e+02
1392	3.57869e+02	1.39200e+03	7.45011e-01	3.54000e+02
1393	3.58227e+02	1.39300e+03	7.41166e-01	3.54333e+02
1394	3.58555e+02	1.39400e+03	7.37290e-01	3.54667e+02
1395	3.58873e+02	1.39500e+03	7.33385e-01	3.55000e+02
1396	3.59214e+02	1.39600e+03	7.29322e-01	3.55333e+02
1397	3.59539e+02	1.39700e+03	7.25283e-01	3.55667e+02
1398	3.59870e+02	1.39800e+03	7.21213e-01	3.56000e+02
1399	3.60200e+02	1.39900e+03	7.17112e-01	3.56333e+02
1400	3.60551e+02	1.40000e+03	7.12861e-01	3.56667e+02
1401	3.60883e+02	1.40100e+03	7.08632e-01	3.57000e+02
1402	3.61217e+02	1.40200e+03	7.04373e-01	3.57333e+02
1403	3.61560e+02	1.40300e+03	7.00088e-01	3.57667e+02
1404	3.61897e+02	1.40400e+03	6.95662e-01	3.58000e+02
1405	3.62228e+02	1.40500e+03	6.91260e-01	3.58333e+02
1406	3.62583e+02	1.40600e+03	6.86833e-01	3.58667e+02
1407	3.62922e+02	1.40700e+03	6.82380e-01	3.59000e+02
1408	3.63247e+02	1.40800e+03	6.77795e-01	3.59333e+02
1409	3.63582e+02	1.40900e+03	6.73221e-01	3.59667e+02
1410	3.63928e+02	1.41000e+03	6.68617e-01	3.60000e+02
1411	3.64265e+02	1.41100e+03	6.63985e-01	3.60333e+02
1412	3.64608e+02	1.41200e+03	6.59209e-01	3.60667e+02
1413	3.64921e+02	1.41300e+03	6.54459e-01	3.61000e+02
1414	3.65253e+02	1.41400e+03	6.49683e-01	3.61333e+02
1415	3.65586e+02	1.41500e+03	6.44883e-01	3.61667e+02
1416	3.65932e+02	1.41600e+03	6.39950e-01	3.62000e+02
1417	3.66278e+02	1.41700e+03	6.35033e-01	3.62333e+02
1418	3.66599e+02	1.41800e+03	6.30091e-01	3.62667e+02
1419	3.66925e+02	1.41900e+03	6.25125e-01	3.63000e+02
1420	3.67246e+02	1.42000e+03	6.20033e-01	3.63333e+02
1421	3.67565e+02	1.42100e+03	6.14960e-01	3.63667e+02
1422	3.67905e+02	1.42200e+03	6.09863e-01	3.64000e+02
1423	3.68241e+02	1.42300e+03	6.04742e-01	3.64333e+02
1424	3.68594e+02	1.42400e+03	5.99503e-01	3.64667e+02
1425	3.68938e+02	1.42500e+03	5.94279e-01	3.65000e+02
1426	3.69308e+02	1.42600e+03	5.89028e-01	3.65333e+02
1427	3.69646e+02	1.42700e+03	5.83753e-01	3.65667e+02
1428	3.69997e+02	1.42800e+03	5.78360e-01	3.66000e+02
1429	3.70349e+02	1.42900e+03	5.72986e-01	3.66333e+02
1430	3.70706e+02	1.43000e+03	5.67592e-01	3.66667e+02
1431	3.71059e+02	1.43100e+03	5.62181e-01	3.67000e+02
1432	3.71399e+02	1.43200e+03	5.56668e-01	3.67333e+02
1433	3.71735e+02	1.43300e+03	5.51176e-01	3.67667e+02
1434	3.72082e+02	1.43400e+03	5.45668e-01	3.68000e+02
1435	3.72428e+02	1.43500e+03	5.40144e-01	3.68333e+02
1436	3.72757e+02	1.43600e+03	5.34545e-01	3.68667e+02
1437	3.73109e+02	1.43700e+03	5.28963e-01	3.69000e+02
1438	3.73453e+02	1.43800e+03	5.23370e-01	3.69333e+02
1439	3.73803e+02	1.43900e+03	5.17766e-01	3.69667e+02
1440	3.74138e+02	1.44000e+03	5.12109e-01	3.70000e+02
1441	3.74481e+02	1.44100e+03	5.06467e-01	3.70333e+02
1442	3.74808e+02	1.44200e+03	5.00821e-01	3.70667e+02
1443	3.75133e+02	1.44300e+03	4.95169e-01	3.71000e+02
1444	3.75455e+02	1.44400e+03	4.89491e-01	3.71333e+02
1445	3.75788e+02	1.44500e+03	4.83822e-01	3.71667e+02
1446	3.76110e+02	1.44600e+03	4.78151e-01	3.72000e+02
1447	3.76458e+02	1.44700e+03	4.72476e-01	3.72333e+02
1448	3.76786e+02	1.44800e+03	4.66786e-01	3.72667e+02
1449	3.77118e+02	1.44900e+03	4.61098e-01	3.73000e+02
1450	3.77450e+02	1.45000e+03	4.55406e-01	3.73333e+02
1451	3.77790e+02	1.45100e+03	4.49708e-01	3.73667e+02
1452	3.78124e+02	1.45200e+03	4.43983e-01	3.74000e+02
1453	3.78460e+02	1.45300e+03	4.38254e-01	3.74333e+02
1454	3.78826e+02	1.45400e+03	4.32511e-01	3.74667e+02
1455	3.79157e+02	1.45500e+03	4.26759e-01	3.75000e+02
1456	3.79496e+02	1.45600e+03	4.20959e-01	3.75333e+02
1457	3.79839e+02	1.45700e+03	4.15170e-01	3.75667e+02
1458	3.80182e+02	1.45800e+03	4.09379e-01	3.76000e+02
1459	3.80518e+02	1.45900e+03	4.03584e-01	3.76333e+02
1460	3.80870e+02	1.46000e+03	3.97757e-01	3.76667e+02
1461	3.81198e+02	1.46100e+03	3.91945e-01	3.77000e+02
1462	3.81539e+02	1.46200e+03	3.86138e-01	3.77333e+02
1463	3.81876e+02	1.46300e+03	3.80334e-01	3.77667e+02
1464	3.82214e+02	1.46400e+03	3.74543e-01	3.78000e+02
1465	3.82544e+02	1.46500e+03	3.68762e-01	3.78333e+02
1466	3.82878e+02	1.46600e+03	3.62995e-01	3.78667e+02
1467	3.83227e+02	1.46700e+03	3.57239e-01	3.79000e+02
1468	3.83566e+02	1.46800e+03	3.51535e-01	3.79333e+02
1469	3.83910e+02	1.46900e+03	3.45829e-01	3.79667e+02
1470	3.84248e+02	1.47000e+03	3.40140e-01	3.80000e+02
1471	3.84579e+02	1.47100e+03	3.34468e-01	3.80333e+02
1472	3.84916e+02	1.47200e+03	3.28872e-01	3.80667e+02
1473	3.85239e+02	1.47300e+03	3.23274e-01	3.81000e+02
1474	3.85581e+02	1.47400e+03	3.17700e-01	3.81333e+02
1475	3.85903e+02	1.47500e+03	3.12145e-01	3.81667e+02
1476	3.86233e+02	1.47600e+03	3.06693e-01	3.82000e+02
1477	3.86572e+02	1.47700e+03	3.01229e-01	3.82333e+02
1478	3.86899e+02	1.47800e+03	2.95787e-01	3.82667e+02
1479	3.87228e+02	1.47900e+03	2.90370e-01	3.83000e+02
1480	3.87559e+02	1.48000e+03	2.85073e-01	3.83333e+02
1481	3.87884e+02	1.48100e+03	2.79771e-01	3.83667e+02
1482	3.88230e+02	1.48200e+03	2.74502e-01	3.84000e+02
1483	3.88571e+02	1.48300e+03	2.69262e-01	3.84333e+02
1484	3.88908e+02	1.48400e+03	2.64169e-01	3.84667e+02
1485	3.89251e+02	1.48500e+03	2.59058e-01	3.85000e+02
1486	3.89573e+02	1.48600e+03	2.53976e-01	3.85333e+02
1487	3.89906e+02	1.48700e+03	2.48921e-01	3.85667e+02
1488	3.90253e+02	1.48800e+03	2.44016e-01	3.86000e+02
1489	3.90595e+02	1.48900e+03	2.39093e-01	3.86333e+02
1490	3.90918e+02	1.49000e+03	2.34204e-01	3.86667e+02
1491	3.91247e+02	1.49100e+03	2.29348e-01	3.87000e+02
1492	3.91590e+02	1.49200e+03	2.24649e-01	3.87333e+02
1493	3.91933e+02	1.49300e+03	2.19936e-01	3.87667e+02
1494	3.92262e+02	1.49400e+03	2.15261e-01	3.88000e+02
1495	3.92599e+02	1.49500e+03	2.10619e-01	3.88333e+02
1496	3.92946e+02	1.49600e+03	2.06147e-01	3.88667e+02
1497	3.93273e+02	1.49700e+03	2.01651e-01	3.89000e+02
1498	3.93614e+02	1.49800e+03	1.97190e-01	3.89333e+02
1499	3.93955e+02	1.49900e+03	1.92762e-01	3.89667e+02
1500	3.94295e+02	1.50000e+03	1.88504e-01	3.90000e+02
1501	3.94611e+02	1.50100e+03	1.84228e-01	3.90333e+02
1502	3.94972e+02	1.50200e+03	1.79993e-01	3.90667e+02
1503	3.95317e+02	1.50300e+03	1.75794e-01	3.91000e+02
1504	3.95651e+02	1.50400e+03	1.71777e-01	3.91333e+02
1505	3.95993e+02	1.50500e+03	1.67739e-01	3.91667e+02
1506	3.96340e+02	1.50600e+03	1.63744e-01	3.92000e+02
1507	3.96669e+02	1.50700e+03	1.59790e-01	3.92333e+02
1508	3.97007e+02	1.50800e+03	1.56031e-01	3.92667e+02
1509	3.97349e+02	1.50900e+03	1.52249e-01	3.93000e+02
1510	3.97706e+02	1.51000e+03	1.48509e-01	3.93333e+02
1511	3.98036e+02	1.51100e+03	1.44808e-01	3.93667e+02
1512	3.98367e+02	1.51200e+03	1.41310e-01	3.94000e+02
1513	3.98714e+02	1.51300e+03	1.37782e-01	3.94333e+02
1514	3.99051e+02	1.51400e+03	1.34295e-01	3.94667e+02
1515	3.99410e+02	1.51500e+03	1.30846e-01	3.95000e+02
1516	3.99752e+02	1.51600e+03	1.27592e-01	3.95333e+02
1517	4.00084e+02	1.51700e+03	1.24313e-01	3.95667e+02
1518	4.00424e+02	1.51800e+03	1.21075e-01	3.96000e+02
1519	4.00763e+02	1.51900e+03	1.17873e-01	3.96333e+02
1520	4.01088e+02	1.52000e+03	1.14862e-01	3.96667e+02
1521	4.01409e+02	1.52100e+03	1.11822e-01	3.97000e+02
1522	4.01736e+02	1.52200e+03	1.08820e-01	3.97333e+02
1523	4.02076e+02	1.52300e+03	1.05856e-01	3.97667e+02
1524	4.02415e+02	1.52400e+03	1.03076e-01	3.98000e+02
1525	4.02757e+02	1.52500e+03	1.00276e-01	3.98333e+02
1526	4.03084e+02	1.52600e+03	9.75156e-02	3.98667e+02
1527	4.03431e+02	1.52700e+03	9.47929e-02	3.99000e+02
1528	4.03765e+02	1.52800e+03	9.22559e-02	3.99333e+02
1529	4.04080e+02	1.52900e+03	8.96849e-02	3.99667e+02
1530	4.04423e+02	1.53000e+03	8.71448e-02	4.00000e+02
1531	4.04768e+02	1.53100e+03	8.46360e-02	4.00333e+02
1532	4.05117e+02	1.53200e+03	8.22927e-02	4.00667e+02
1533	4.05455e+02	1.53300e+03	7.99276e-02	4.01000e+02
1534	4.05816e+02	1.53400e+03	7.75976e-02	4.01333e+02
1535	4.06164e+02	1.53500e+03	7.52993e-02	4.01667e+02
1536	4.06538e+02	1.53600e+03	7.31626e-02	4.02000e+02
1537	4.06897e+02	1.53700e+03	7.10033e-02	4.02333e+02
1538	4.07201e+02	1.53800e+03	6.88769e-02	4.02667e+02
1539	4.07523e+02	1.53900e+03	6.67814e-02	4.03000e+02
1540	4.07869e+02	1.54000e+03	6.48463e-02	4.03333e+02
1541	4.08214e+02	1.54100e+03	6.28907e-02	4.03667e+02
1542	4.08558e+02	1.54200e+03	6.09690e-02	4.04000e+02
1543	4.08886e+02	1.54300e+03	5.90783e-02	4.04333e+02
1544	4.09207e+02	1.54400e+03	5.73445e-02	4.04667e+02
1545	4.09535e+02	1.54500e+03	5.55847e-02	4.05000e+02
1546	4.09871e+02	1.54600e+03	5.38511e-02	4.05333e+02
1547	4.10181e+02	1.54700e+03	5.21431e-02	4.05667e+02
1548	4.10495e+02	1.54800e+03	5.05723e-02	4.06000e+02
1549	4.10847e+02	1.54900e+03	4.89776e-02	4.06333e+02
1550	4.11169e+02	1.55000e+03	4.74085e-02	4.06667e+02
1551	4.11490e+02	1.55100e+03	4.58638e-02	4.07000e+02
1552	4.11818e+02	1.55200e+03	4.44404e-02	4.07333e+02
1553	4.12156e+02	1.55300e+03	4.30024e-02	4.07667e+02
1554	4.12514e+02	1.55400e+03	4.15921e-02	4.08000e+02
1555	4.12866e+02	1.55500e+03	4.02069e-02	4.08333e+02
1556	4.13158e+02	1.55600e+03	3.89473e-02	4.08667e+02
1557	4.13489e+02	1.55700e+03	3.76703e-02	4.09000e+02
1558	4.13798e+02	1.55800e+03	3.64194e-02	4.09333e+02
1559	4.14092e+02	1.55900e+03	3.51934e-02	4.09667e+02
1560	4.14380e+02	1.56000e+03	3.40937e-02	4.10000e+02
1561	4.14701e+02	1.56100e+03	3.29770e-02	4.10333e+02
1562	4.15016e+02	1.56200e+03	3.18851e-02	4.10667e+02
1563	4.15294e+02	1.56300e+03	3.08159e-02	4.11000e+02
1564	4.15591e+02	1.56400e+03	2.98651e-02	4.11333e+02
1565	4.15910e+02	1.56500e+03	2.88928e-02	4.11667e+02
1566	4.16227e+02	1.56600e+03	2.79405e-02	4.12000e+02
1567	4.16525e+02	1.56700e+03	2.70077e-02	4.12333e+02
1568	4.16824e+02	1.56800e+03	2.61769e-02	4.12667e+02
1569	4.17131e+02	1.56900e+03	2.53299e-02	4.13000e+02
1570	4.17444e+02	1.57000e+03	2.45006e-02	4.13333e+02
1571	4.17770e+02	1.57100e+03	2.36883e-02	4.13667e+02
1572	4.18079e+02	1.57200e+03	2.29665e-02	4.14000e+02
1573	4.18385e+02	1.57300e+03	2.22281e-02	4.14333e+02
1574	4.18678e+02	1.57400e+03	2.15038e-02	4.14667e+02
1575	4.18991e+02	1.57500e+03	2.07941e-02	4.15000e+02
1576	4.19288e+02	1.57600e+03	2.01612e-02	4.15333e+02
1577	4.19567e+02	1.57700e+03	1.95170e-02	4.15667e+02
1578	4.19883e+02	1.57800e+03	1.88874e-02	4.16000e+02
1579	4.20216e+02	1.57900e+03	1.82716e-02	4.16333e+02
1580	4.20510e+02	1.58000e+03	1.77262e-02	4.16667e+02
1581	4.20809e+02	1.58100e+03	1.71683e-02	4.17000e+02
1582	4.21105e+02	1.58200e+03	1.66212e-02	4.17333e+02
1583	4.21407e+02	1.58300e+03	1.60844e-02	4.17667e+02
1584	4.21708e+02	1.58400e+03	1.56024e-02	4.18000e+02
1585	4.22010e+02	1.58500e+03	1.51074e-02	4.18333e+02
1586	4.22320e+02	1.58600e+03	1.46203e-02	4.18667e+02
1587	4.22647e+02	1.58700e+03	1.41418e-02	4.19000e+02
1588	4.22964e+02	1.58800e+03	1.37055e-02	4.19333e+02
1589	4.23283e+02	1.58900e+03	1.32668e-02	4.19667e+02
1590	4.23598e+02	1.59000e+03	1.28408e-02	4.20000e+02
1591	4.23915e+02	1.59100e+03	1.24254e-02	4.20333e+02
1592	4.24233e+02	1.59200e+03	1.20617e-02	4.20667e+02
1593	4.24564e+02	1.59300e+03	1.16905e-02	4.21000e+02
1594	4.24884e+02	1.59400e+03	1.13281e-02	4.21333e+02
1595	4.25199e+02	1.59500e+03	1.09742e-02	4.21667e+02
1596	4.25527e+02	1.59600e+03	1.06702e-02	4.22000e+02
1597	4.25843e+02	1.59700e+03	1.03566e-02	4.22333e+02
1598	4.26172e+02	1.59800e+03	1.00496e-02	4.22667e+02
1599	4.26495e+02	1.59900e+03	9.74921e-03	4.23000e+02
1600	4.26811e+02	1.60000e+03	9.48388e-03	4.23333e+02
1601	4.27130e+02	1.60100e+03	9.20996e-03	4.23667e+02
1602	4.27447e+02	1.60200e+03	8.94031e-03	4.24000e+02
1603	4.27765e+02	1.60300e+03	8.67546e-03	4.24333e+02
1604	4.28087e+02	1.60400e+03	8.43394e-03	4.24667e+02
1605	4.28404e+02	1.60500e+03	8.18802e-03	4.25000e+02
1606	4.28722e+02	1.60600e+03	7.94606e-03	4.25333e+02
1607	4.29051e+02	1.60700e+03	7.70799e-03	4.25667e+02
1608	4.29376e+02	1.60800e+03	7.49097e-03	4.26000e+02
1609	4.29691e+02	1.60900e+03	7.27329e-03	4.26333e+02
1610	4.30020e+02	1.61000e+03	7.06218e-03	4.26667e+02
1611	4.30344e+02	1.61100e+03	6.85610e-03	4.27000e+02
1612	4.30669e+02	1.61200e+03	6.67655e-03	4.27333e+02
1613	4.30994e+02	1.61300e+03	6.49322e-03	4.27667e+02
1614	4.31327e+02	1.61400e+03	6.31481e-03	4.28000e+02
1615	4.31660e+02	1.61500e+03	6.14229e-03	4.28333e+02
1616	4.31974e+02	1.61600e+03	6.00044e-03	4.28667e+02
1617	4.32298e+02	1.61700e+03	5.85644e-03	4.29000e+02
1618	4.32615e+02	1.61800e+03	5.72199e-03	4.29333e+02
1619	4.32940e+02	1.61900e+03	5.59526e-03	4.29667e+02
1620	4.33263e+02	1.62000e+03	5.49751e-03	4.30000e+02
1621	4.33589e+02	1.62100e+03	5.38960e-03	4.30333e+02
1622	4.33908e+02	1.62200e+03	5.28165e-03	4.30667e+02
1623	4.34231e+02	1.62300e+03	5.17485e-03	4.31000e+02
1624	4.34567e+02	1.62400e+03	5.07738e-03	4.31333e+02
1625	4.34896e+02	1.62500e+03	4.97274e-03	4.31667e+02
1626	4.35209e+02	1.62600e+03	4.86565e-03	4.32000e+02
1627	4.35528e+02	1.62700e+03	4.75762e-03	4.32333e+02
1628	4.35857e+02	1.62800e+03	4.64271e-03	4.32667e+02
1629	4.36193e+02	1.62900e+03	4.53041e-03	4.33000e+02
1630	4.36515e+02	1.63000e+03	4.42060e-03	4.33333e+02
1631	4.36843e+02	1.63100e+03	4.31333e-03	4.33667e+02
1632	4.37162e+02	1.63200e+03	4.21534e-03	4.34000e+02
1633	4.37488e+02	1.63300e+03	4.12345e-03	4.34333e+02
1634	4.37807e+02	1.63400e+03	4.03746e-03	4.34667e+02
1635	4.38130e+02	1.63500e+03	3.95564e-03	4.35000e+02
1636	4.38458e+02	1.63600e+03	3.89679e-03	4.35333e+02
1637	4.38783e+02	1.63700e+03	3.83072e-03	4.35667e+02
1638	4.39111e+02	1.63800e+03	3.76713e-03	4.36000e+02
1639	4.39443e+02	1.63900e+03	3.70631e-03	4.36333e+02
1640	4.39768e+02	1.64000e+03	3.66247e-03	4.36667e+02
1641	4.40100e+02	1.64100e+03	3.62028e-03	4.37000e+02
1642	4.40414e+02	1.64200e+03	3.58308e-03	4.37333e+02
1643	4.40747e+02	1.64300e+03	3.54964e-03	4.37667e+02
1644	4.41060e+02	1.64400e+03	3.53693e-03	4.38000e+02
1645	4.41394e+02	1.64500e+03	3.51537e-03	4.38333e+02
1646	4.41714e+02	1.64600e+03	3.49156e-03	4.38667e+02
1647	4.42039e+02	1.64700e+03	3.46757e-03	4.39000e+02
1648	4.42369e+02	1.64800e+03	3.44708e-03	4.39333e+02
1649	4.42691e+02	1.64900e+03	3.42276e-03	4.39667e+02
1650	4.43021e+02	1.65000e+03	3.39573e-03	4.40000e+02
1651	4.43347e+02	1.65100e+03	3.36720e-03	4.40333e+02
1652	4.43676e+02	1.65200e+03	3.33310e-03	4.40667e+02
1653	4.44007e+02	1.65300e+03	3.30137e-03	4.41000e+02
1654	4.44342e+02	1.65400e+03	3.27065e-03	4.41333e+02
1655	4.44661e+02	1.65500e+03	3.24009e-03	4.41667e+02
1656	4.44988e+02	1.65600e+03	3.20562e-03	4.42000e+02
1657	4.45316e+02	1.65700e+03	3.17267e-03	4.42333e+02
1658	4.45644e+02	1.65800e+03	3.14195e-03	4.42667e+02
1659	4.45964e+02	1.65900e+03	3.11299e-03	4.43000e+02
1660	4.46296e+02	1.66000e+03	3.08896e-03	4.43333e+02
1661	4.46626e+02	1.66100e+03	3.06781e-03	4.43667e+02
1662	4.46945e+02	1.66200e+03	3.04933e-03	4.44000e+02
1663	4.47272e+02	1.66300e+03	3.03247e-03	4.44333e+02
1664	4.47594e+02	1.66400e+03	3.02767e-03	4.44667e+02
1665	4.47927e+02	1.66500e+03	3.01857e-03	4.45000e+02
1666	4.48245e+02	1.66600e+03	3.00966e-03	4.45333e+02
1667	4.48566e+02	1.66700e+03	3.00129e-03	4.45667e+02
1668	4.48889e+02	1.66800e+03	2.99510e-03	4.46000e+02
1669	4.49215e+02	1.66900e+03	2.98805e-03	4.46333e+02
1670	4.49543e+02	1.67000e+03	2.98117e-03	4.46667e+02
1671	4.49869e+02	1.67100e+03	2.97472e-03	4.47000e+02
1672	4.50188e+02	1.67200e+03	2.97068e-03	4.47333e+02
1673	4.50513e+02	1.67300e+03	2.96656e-03	4.47667e+02
1674	4.50833e+02	1.67400e+03	2.96190e-03	4.48000e+02
1675	4.51161e+02	1.67500e+03	2.95687e-03	4.48333e+02
1676	4.51475e+02	1.67600e+03	2.95249e-03	4.48667e+02
1677	4.51802e+02	1.67700e+03	2.94364e-03	4.49000e+02
1678	4.52129e+02	1.67800e+03	2.93022e-03	4.49333e+02
1679	4.52453e+02	1.67900e+03	2.91424e-03	4.49667e+02
1680	4.52781e+02	1.68000e+03	2.89241e-03	4.50000e+02
1681	4.53109e+02	1.68100e+03	2.87630e-03	4.50333e+02
1682	4.53428e+02	1.68200e+03	2.86325e-03	4.50667e+02
1683	4.53766e+02	1.68300e+03	2.85182e-03	4.51000e+02
1684	4.54091e+02	1.68400e+03	2.84396e-03	4.51333e+02
1685	4.54419e+02	1.68500e+03	2.83575e-03	4.51667e+02
1686	4.54749e+02	1.68600e+03	2.82763e-03	4.52000e+02
1687	4.55073e+02	1.68700e+03	2.81920e-03	4.52333e+02
1688	4.55399e+02	1.68800e+03	2.81343e-03	4.52667e+02
1689	4.55731e+02	1.68900e+03	2.80574e-03	4.53000e+02
1690	4.56063e+02	1.69000e+03	2.79883e-03	4.53333e+02
1691	4.56387e+02	1.69100e+03	2.79321e-03	4.53667e+02
1692	4.56716e+02	1.69200e+03	2.79037e-03	4.54000e+02
1693	4.57023e+02	1.69300e+03	2.79052e-03	4.54333e+02
1694	4.57325e+02	1.69400e+03	2.79232e-03	4.54667e+02
1695	4.57614e+02	1.69500e+03	2.79475e-03	4.55000e+02
1696	4.57905e+02	1.69600e+03	2.80397e-03	4.55333e+02
1697	4.58197e+02	1.69700e+03	2.80715e-03	4.55667e+02
1698	4.58504e+02	1.69800e+03	2.80782e-03	4.56000e+02
1699	4.58813e+02	1.69900e+03	2.80757e-03	4.56333e+02
1700	4.59123e+02	1.70000e+03	2.80144e-03	4.56667e+02
1701	4.59433e+02	1.70100e+03	2.79728e-03	4.57000e+02
1702	4.59756e+02	1.70200e+03	2.79351e-03	4.57333e+02
1703	4.60077e+02	1.70300e+03	2.79008e-03	4.57667e+02
1704	4.60397e+02	1.70400e+03	2.78589e-03	4.58000e+02
1705	4.60729e+02	1.70500e+03	2.78305e-03	4.58333e+02
1706	4.61057e+02	1.70600e+03	2.78013e-03	4.58667e+02
1707	4.61375e+02	1.70700e+03	2.77662e-03	4.59000e+02
1708	4.61709e+02	1.70800e+03	2.77343e-03	4.59333e+02
1709	4.62028e+02	1.70900e+03	2.76807e-03	4.59667e+02
1710	4.62345e+02	1.71000e+03	2.76166e-03	4.60000e+02
1711	4.62677e+02	1.71100e+03	2.75485e-03	4.60333e+02
1712	4.63006e+02	1.71200e+03	2.74391e-03	4.60667e+02
1713	4.63321e+02	1.71300e+03	2.73507e-03	4.61000e+02
1714	4.63650e+02	1.71400e+03	2.72725e-03	4.61333e+02
1715	4.63975e+02	1.71500e+03	2.72034e-03	4.61667e+02
1716	4.64302e+02	1.71600e+03	2.71506e-03	4.62000e+02
1717	4.64634e+02	1.71700e+03	2.70932e-03	4.62333e+02
1718	4.64962e+02	1.71800e+03	2.70292e-03	4.62667e+02
1719	4.65297e+02	1.71900e+03	2.69587e-03	4.63000e+02
1720	4.65613e+02	1.72000e+03	2.68752e-03	4.63333e+02
1721	4.65939e+02	1.72100e+03	2.67509e-03	4.63667e+02
1722	4.66276e+02	1.72200e+03	2.65845e-03	4.64000e+02
1723	4.66594e+02	1.72300e+03	2.63932e-03	4.64333e+02
1724	4.66924e+02	1.72400e+03	2.61267e-03	4.64667e+02
1725	4.67261e+02	1.72500e+03	2.59079e-03	4.65000e+02
1726	4.67592e+02	1.72600e+03	2.56983e-03	4.65333e+02
1727	4.67920e+02	1.72700e+03	2.54925e-03	4.65667e+02
1728	4.68249e+02	1.72800e+03	2.52906e-03	4.66000e+02
1729	4.68587e+02	1.72900e+03	2.50990e-03	4.66333e+02
1730	4.68905e+02	1.73000e+03	2.49260e-03	4.66667e+02
1731	4.69229e+02	1.73100e+03	2.47676e-03	4.67000e+02
1732	4.69562e+02	1.73200e+03	2.46783e-03	4.67333e+02
1733	4.69894e+02	1.73300e+03	2.45949e-03	4.67667e+02
1734	4.70227e+02	1.73400e+03	2.45270e-03	4.68000e+02
1735	4.70556e+02	1.73500e+03	2.44690e-03	4.68333e+02
1736	4.70881e+02	1.73600e+03	2.44995e-03	4.68667e+02
1737	4.71216e+02	1.73700e+03	2.45085e-03	4.69000e+02
1738	4.71539e+02	1.73800e+03	2.45335e-03	4.69333e+02
1739	4.71860e+02	1.73900e+03	2.45732e-03	4.69667e+02
1740	4.72197e+02	1.74000e+03	2.46603e-03	4.70000e+02
1741	4.72536e+02	1.74100e+03	2.47190e-03	4.70333e+02
1742	4.72853e+02	1.74200e+03	2.47575e-03	4.70667e+02
1743	4.73172e+02	1.74300e+03	2.47875e-03	4.71000e+02
1744	4.73507e+02	1.74400e+03	2.48182e-03	4.71333e+02
1745	4.73833e+02	1.74500e+03	2.48429e-03	4.71667e+02
1746	4.74164e+02	1.74600e+03	2.48727e-03	4.72000e+02
1747	4.74488e+02	1.74700e+03	2.49093e-03	4.72333e+02
1748	4.74822e+02	1.74800e+03	2.49534e-03	4.72667e+02
1749	4.75154e+02	1.74900e+03	2.50251e-03	4.73000e+02
1750	4.75490e+02	1.75000e+03	2.50999e-03	4.73333e+02
1751	4.75813e+02	1.75100e+03	2.51698e-03	4.73667e+02
1752	4.76138e+02	1.75200e+03	2.52438e-03	4.74000e+02
1753	4.76467e+02	1.75300e+03	2.52414e-03	4.74333e+02
1754	4.76806e+02	1.75400e+03	2.51749e-03	4.74667e+02
1755	4.77126e+02	1.75500e+03	2.50641e-03	4.75000e+02
1756	4.77455e+02	1.75600e+03	2.47715e-03	4.75333e+02
1757	4.77782e+02	1.75700e+03	2.45525e-03	4.75667e+02
1758	4.78116e+02	1.75800e+03	2.43629e-03	4.76000e+02
1759	4.78451e+02	1.75900e+03	2.41867e-03	4.76333e+02
1760	4.78781e+02	1.76000e+03	2.39959e-03	4.76667e+02
1761	4.79103e+02	1.76100e+03	2.38760e-03	4.77000e+02
1762	4.79441e+02	1.76200e+03	2.37953e-03	4.77333e+02
1763	4.79775e+02	1.76300e+03	2.37353e-03	4.77667e+02
1764	4.80101e+02	1.76400e+03	2.38217e-03	4.78000e+02
1765	4.80432e+02	1.76500e+03	2.38397e-03	4.78333e+02
1766	4.80774e+02	1.76600e+03	2.38400e-03	4.78667e+02
1767	4.81094e+02	1.76700e+03	2.38281e-03	4.79000e+02
1768	4.81424e+02	1.76800e+03	2.37830e-03	4.79333e+02
1769	4.81756e+02	1.76900e+03	2.37176e-03	4.79667e+02
1770	4.82087e+02	1.77000e+03	2.36339e-03	4.80000e+02
1771	4.82413e+02	1.77100e+03	2.35391e-03	4.80333e+02
1772	4.82745e+02	1.77200e+03	2.33911e-03	4.80667e+02
1773	4.83081e+02	1.77300e+03	2.33096e-03	4.81000e+02
1774	4.83413e+02	1.77400e+03	2.32626e-03	4.81333e+02
1775	4.83731e+02	1.77500e+03	2.32295e-03	4.81667e+02
1776	4.84061e+02	1.77600e+03	2.32715e-03	4.82000e+02
1777	4.84388e+02	1.77700e+03	2.32941e-03	4.82333e+02
1778	4.84712e+02	1.77800e+03	2.33174e-03	4.82667e+02
1779	4.85042e+02	1.77900e+03	2.33427e-03	4.83000e+02
1780	4.85377e+02	1.78000e+03	2.33974e-03	4.83333e+02
1781	4.85704e+02	1.78100e+03	2.34201e-03	4.83667e+02
1782	4.86029e+02	1.78200e+03	2.34245e-03	4.84000e+02
1783	4.86350e+02	1.78300e+03	2.34205e-03	4.84333e+02
1784	4.86679e+02	1.78400e+03	2.33750e-03	4.84667e+02
1785	4.87012e+02	1.78500e+03	2.33353e-03	4.85000e+02
1786	4.87338e+02	1.78600e+03	2.32891e-03	4.85333e+02
1787	4.87666e+02	1.78700e+03	2.32388e-03	4.85667e+02
1788	4.88000e+02	1.78800e+03	2.31706e-03	4.86000e+02
1789	4.88332e+02	1.78900e+03	2.31207e-03	4.86333e+02
1790	4.88653e+02	1.79000e+03	2.30792e-03	4.86667e+02
1791	4.88992e+02	1.79100e+03	2.30468e-03	4.87000e+02
1792	4.89313e+02	1.79200e+03	2.30663e-03	4.87333e+02
1793	4.89638e+02	1.79300e+03	2.30975e-03	4.87667e+02
1794	4.89978e+02	1.79400e+03	2.31398e-03	4.88000e+02
1795	4.90300e+02	1.79500e+03	2.31842e-03	4.88333e+02
1796	4.90627e+02	1.79600e+03	2.32679e-03	4.88667e+02
1797	4.90956e+02	1.79700e+03	2.33049e-03	4.89000e+02
1798	4.91289e+02	1.79800e+03	2.33230e-03	4.89333e+02
1799	4.91628e+02	1.79900e+03	2.33350e-03	4.89667e+02
1800	4.91953e+02	1.80000e+03	2.33172e-03	4.90000e+02
1801	4.92284e+02	1.80100e+03	2.33373e-03	4.90333e+02
1802	4.92617e+02	1.80200e+03	2.33773e-03	4.90667e+02
1803	4.92941e+02	1.80300e+03	2.34249e-03	4.91000e+02
1804	4.93271e+02	1.80400e+03	2.35000e-03	4.91333e+02
1805	4.93605e+02	1.80500e+03	2.35487e-03	4.91667e+02
1806	4.93936e+02	1.80600e+03	2.35698e-03	4.92000e+02
1807	4.94266e+02	1.80700e+03	2.35664e-03	4.92333e+02
1808	4.94593e+02	1.80800e+03	2.34959e-03	4.92667e+02
1809	4.94921e+02	1.80900e+03	2.34353e-03	4.93000e+02
1810	4.95256e+02	1.81000e+03	2.33854e-03	4.93333e+02
1811	4.95581e+02	1.81100e+03	2.33421e-03	4.93667e+02
1812	4.95903e+02	1.81200e+03	2.32689e-03	4.94000e+02
1813	4.96241e+02	1.81300e+03	2.32582e-03	4.94333e+02
1814	4.96566e+02	1.81400e+03	2.32727e-03	4.94667e+02
1815	4.96902e+02	1.81500e+03	2.32951e-03	4.95000e+02
1816	4.97228e+02	1.81600e+03	2.34177e-03	4.95333e+02
1817	4.97568e+02	1.81700e+03	2.35109e-03	4.95667e+02
1818	4.97901e+02	1.81800e+03	2.36271e-03	4.96000e+02
1819	4.98227e+02	1.81900e+03	2.37635e-03	4.96333e+02
1820	4.98553e+02	1.82000e+03	2.39328e-03	4.96667e+02
1821	4.98891e+02	1.82100e+03	2.40695e-03	4.97000e+02
1822	4.99221e+02	1.82200e+03	2.41613e-03	4.97333e+02
1823	4.99555e+02	1.82300e+03	2.42183e-03	4.97667e+02
1824	4.99867e+02	1.82400e+03	2.41272e-03	4.98000e+02
1825	5.00204e+02	1.82500e+03	2.39736e-03	4.98333e+02
1826	5.00543e+02	1.82600e+03	2.37581e-03	4.98667e+02
1827	5.00867e+02	1.82700e+03	2.34997e-03	4.99000e+02
1828	5.01199e+02	1.82800e+03	2.29956e-03	4.99333e+02
1829	5.01538e+02	1.82900e+03	2.26518e-03	4.99667e+02
1830	5.01859e+02	1.83000e+03	2.23682e-03	5.00000e+02
1831	5.02185e+02	1.83100e+03	2.21175e-03	5.00333e+02
1832	5.02518e+02	1.83200e+03	2.19983e-03	5.00667e+02
1833	5.02853e+02	1.83300e+03	2.18842e-03	5.01000e+02
1834	5.03185e+02	1.83400e+03	2.18043e-03	5.01333e+02
1835	5.03506e+02	1.83500e+03	2.17487e-03	5.01667e+02
1836	5.03849e+02	1.83600e+03	2.18589e-03	5.02000e+02
1837	5.04171e+02	1.83700e+03	2.18962e-03	5.02333e+02
1838	5.04511e+02	1.83800e+03	2.19214e-03	5.02667e+02
1839	5.04839e+02	1.83900e+03	2.19432e-03	5.03000e+02
1840	5.05167e+02	1.84000e+03	2.19597e-03	5.03333e+02
1841	5.05495e+02	1.84100e+03	2.19591e-03	5.03667e+02
1842	5.05838e+02	1.84200e+03	2.19399e-03	5.04000e+02
1843	5.06159e+02	1.84300e+03	2.19067e-03	5.04333e+02
1844	5.06493e+02	1.84400e+03	2.18253e-03	5.04667e+02
1845	5.06830e+02	1.84500e+03	2.17821e-03	5.05000e+02
1846	5.07161e+02	1.84600e+03	2.17698e-03	5.05333e+02
1847	5.07472e+02	1.84700e+03	2.17772e-03	5.05667e+02
1848	5.07812e+02	1.84800e+03	2.18200e-03	5.06000e+02
1849	5.08136e+02	1.84900e+03	2.18654e-03	5.06333e+02
1850	5.08473e+02	1.85000e+03	2.19059e-03	5.06667e+02
1851	5.08795e+02	1.85100e+03	2.19380e-03	5.07000e+02
1852	5.09125e+02	1.85200e+03	2.19947e-03	5.07333e+02
1853	5.09453e+02	1.85300e+03	2.20112e-03	5.07667e+02
1854	5.09785e+02	1.85400e+03	2.20143e-03	5.08000e+02
1855	5.10110e+02	1.85500e+03	2.20180e-03	5.08333e+02
1856	5.10436e+02	1.85600e+03	2.19842e-03	5.08667e+02
1857	5.10760e+02	1.85700e+03	2.19838e-03	5.09000e+02
1858	5.11086e+02	1.85800e+03	2.19886e-03	5.09333e+02
1859	5.11422e+02	1.85900e+03	2.19915e-03	5.09667e+02
1860	5.11751e+02	1.86000e+03	2.20073e-03	5.10000e+02
1861	5.12074e+02	1.86100e+03	2.19964e-03	5.10333e+02
1862	5.12403e+02	1.86200e+03	2.19779e-03	5.10667e+02
1863	5.12724e+02	1.86300e+03	2.19589e-03	5.11000e+02
1864	5.13053e+02	1.86400e+03	2.19078e-03	5.11333e+02
1865	5.13382e+02	1.86500e+03	2.18757e-03	5.11667e+02
1866	5.13714e+02	1.86600e+03	2.18423e-03	5.12000e+02
1867	5.14039e+02	1.86700e+03	2.18049e-03	5.12333e+02
1868	5.14367e+02	1.86800e+03	2.17421e-03	5.12667e+02
1869	5.14696e+02	1.86900e+03	2.16560e-03	5.13000e+02
1870	5.15024e+02	1.87000e+03	2.15668e-03	5.13333e+02
1871	5.15350e+02	1.87100e+03	2.14822e-03	5.13667e+02
1872	5.15685e+02	1.87200e+03	2.13939e-03	5.14000e+02
1873	5.16022e+02	1.87300e+03	2.13722e-03	5.14333e+02
1874	5.16345e+02	1.87400e+03	2.14037e-03	5.14667e+02
1875	5.16673e+02	1.87500e+03	2.14669e-03	5.15000e+02
1876	5.17014e+02	1.87600e+03	2.16585e-03	5.15333e+02
1877	5.17348e+02	1.87700e+03	2.17921e-03	5.15667e+02
1878	5.17689e+02	1.87800e+03	2.19091e-03	5.16000e+02
1879	5.18015e+02	1.87900e+03	2.20176e-03	5.16333e+02
1880	5.18357e+02	1.88000e+03	2.21139e-03	5.16667e+02
1881	5.18690e+02	1.88100e+03	2.21675e-03	5.17000e+02
1882	5.19026e+02	1.88200e+03	2.21904e-03	5.17333e+02
1883	5.19354e+02	1.88300e+03	2.21985e-03	5.17667e+02
1884	5.19693e+02	1.88400e+03	2.21220e-03	5.18000e+02
1885	5.20024e+02	1.88500e+03	2.21024e-03	5.18333e+02
1886	5.20369e+02	1.88600e+03	2.20975e-03	5.18667e+02
1887	5.20707e+02	1.88700e+03	2.20958e-03	5.19000e+02
1888	5.21022e+02	1.88800e+03	2.21124e-03	5.19333e+02
1889	5.21362e+02	1.88900e+03	2.21173e-03	5.19667e+02
1890	5.21696e+02	1.89000e+03	2.21266e-03	5.20000e+02
1891	5.22031e+02	1.89100e+03	2.21438e-03	5.20333e+02
1892	5.22374e+02	1.89200e+03	2.21742e-03	5.20667e+02
1893	5.22704e+02	1.89300e+03	2.22046e-03	5.21000e+02
1894	5.23060e+02	1.89400e+03	2.22403e-03	5.21333e+02
1895	5.23391e+02	1.89500e+03	2.22798e-03	5.21667e+02
1896	5.23735e+02	1.89600e+03	2.23213e-03	5.22000e+02
1897	5.24061e+02	1.89700e+03	2.23430e-03	5.22333e+02
1898	5.24401e+02	1.89800e+03	2.23439e-03	5.22667e+02
1899	5.24739e+02	1.89900e+03	2.23271e-03	5.23000e+02
1900	5.25066e+02	1.90000e+03	2.22351e-03	5.23333e+02
1901	5.25399e+02	1.90100e+03	2.21177e-03	5.23667e+02
1902	5.25747e+02	1.90200e+03	2.19725e-03	5.24000e+02
1903	5.26085e+02	1.90300e+03	2.18242e-03	5.24333e+02
1904	5.26421e+02	1.90400e+03	2.16181e-03	5.24667e+02
1905	5.26758e+02	1.90500e+03	2.14818e-03	5.25000e+02
1906	5.27092e+02	1.90600e+03	2.13730e-03	5.25333e+02
1907	5.27418e+02	1.90700e+03	2.12741e-03	5.25667e+02
1908	5.27756e+02	1.90800e+03	2.12638e-03	5.26000e+02
1909	5.28100e+02	1.90900e+03	2.12367e-03	5.26333e+02
1910	5.28429e+02	1.91000e+03	2.12441e-03	5.26667e+02
1911	5.28763e+02	1.91100e+03	2.12843e-03	5.27000e+02
1912	5.29109e+02	1.91200e+03	2.14319e-03	5.27333e+02
1913	5.29445e+02	1.91300e+03	2.15863e-03	5.27667e+02
1914	5.29771e+02	1.91400e+03	2.17607e-03	5.28000e+02
1915	5.30100e+02	1.91500e+03	2.19442e-03	5.28333e+02
1916	5.30427e+02	1.91600e+03	2.22105e-03	5.28667e+02
1917	5.30755e+02	1.91700e+03	2.23921e-03	5.29000e+02
1918	5.31079e+02	1.91800e+03	2.25331e-03	5.29333e+02
1919	5.31407e+02	1.91900e+03	2.26549e-03	5.29667e+02
1920	5.31737e+02	1.92000e+03	2.26705e-03	5.30000e+02
1921	5.32075e+02	1.92100e+03	2.27057e-03	5.30333e+02
1922	5.32405e+02	1.92200e+03	2.27367e-03	5.30667e+02
1923	5.32739e+02	1.92300e+03	2.27661e-03	5.31000e+02
1924	5.33067e+02	1.92400e+03	2.27581e-03	5.31333e+02
1925	5.33410e+02	1.92500e+03	2.27898e-03	5.31667e+02
1926	5.33746e+02	1.92600e+03	2.28315e-03	5.32000e+02
1927	5.34061e+02	1.92700e+03	2.28739e-03	5.32333e+02
1928	5.34397e+02	1.92800e+03	2.29386e-03	5.32667e+02
1929	5.34727e+02	1.92900e+03	2.29629e-03	5.33000e+02
1930	5.35058e+02	1.93000e+03	2.29709e-03	5.33333e+02
1931	5.35389e+02	1.93100e+03	2.29780e-03	5.33667e+02
1932	5.35730e+02	1.93200e+03	2.29703e-03	5.34000e+02
1933	5.36069e+02	1.93300e+03	2.30052e-03	5.34333e+02
1934	5.36418e+02	1.93400e+03	2.30739e-03	5.34667e+02
1935	5.36753e+02	1.93500e+03	2.31675e-03	5.35000e+02
1936	5.37076e+02	1.93600e+03	2.33553e-03	5.35333e+02
1937	5.37411e+02	1.93700e+03	2.35256e-03	5.35667e+02
1938	5.37739e+02	1.93800e+03	2.37069e-03	5.36000e+02
1939	5.38071e+02	1.93900e+03	2.38966e-03	5.36333e+02
1940	5.38398e+02	1.94000e+03	2.41280e-03	5.36667e+02
1941	5.38735e+02	1.94100e+03	2.43042e-03	5.37000e+02
1942	5.39068e+02	1.94200e+03	2.44447e-03	5.37333e+02
1943	5.39402e+02	1.94300e+03	2.45590e-03	5.37667e+02
1944	5.39740e+02	1.94400e+03	2.45506e-03	5.38000e+02
1945	5.40071e+02	1.94500e+03	2.45353e-03	5.38333e+02
1946	5.40406e+02	1.94600e+03	2.44505e-03	5.38667e+02
1947	5.40746e+02	1.94700e+03	2.42980e-03	5.39000e+02
1948	5.41069e+02	1.94800e+03	2.39283e-03	5.39333e+02
1949	5.41400e+02	1.94900e+03	2.36105e-03	5.39667e+02
1950	5.41743e+02	1.95000e+03	2.32849e-03	5.40000e+02
1951	5.42065e+02	1.95100e+03	2.29563e-03	5.40333e+02
1952	5.42390e+02	1.95200e+03	2.25938e-03	5.40667e+02
1953	5.42724e+02	1.95300e+03	2.23670e-03	5.41000e+02
1954	5.43045e+02	1.95400e+03	2.22150e-03	5.41333e+02
1955	5.43377e+02	1.95500e+03	2.21043e-03	5.41667e+02
1956	5.43707e+02	1.95600e+03	2.22661e-03	5.42000e+02
1957	5.44035e+02	1.95700e+03	2.23538e-03	5.42333e+02
1958	5.44373e+02	1.95800e+03	2.24503e-03	5.42667e+02
1959	5.44703e+02	1.95900e+03	2.25594e-03	5.43000e+02
1960	5.45036e+02	1.96000e+03	2.27127e-03	5.43333e+02
1961	5.45370e+02	1.96100e+03	2.27491e-03	5.43667e+02
1962	5.45698e+02	1.96200e+03	2.27157e-03	5.44000e+02
1963	5.46021e+02	1.96300e+03	2.26404e-03	5.44333e+02
1964	5.46360e+02	1.96400e+03	2.23563e-03	5.44667e+02
1965	5.46685e+02	1.96500e+03	2.21392e-03	5.45000e+02
1966	5.47021e+02	1.96600e+03	2.19420e-03	5.45333e+02
1967	5.47363e+02	1.96700e+03	2.17614e-03	5.45667e+02
1968	5.47696e+02	1.96800e+03	2.15666e-03	5.46000e+02
1969	5.48028e+02	1.96900e+03	2.14441e-03	5.46333e+02
1970	5.48370e+02	1.97000e+03	2.13579e-03	5.46667e+02
1971	5.48717e+02	1.97100e+03	2.12933e-03	5.47000e+02
1972	5.49034e+02	1.97200e+03	2.13882e-03	5.47333e+02
1973	5.49365e+02	1.97300e+03	2.14106e-03	5.47667e+02
1974	5.49702e+02	1.97400e+03	2.14237e-03	5.48000e+02
1975	5.50043e+02	1.97500e+03	2.14406e-03	5.48333e+02
1976	5.50369e+02	1.97600e+03	2.14784e-03	5.48667e+02
1977	5.50703e+02	1.97700e+03	2.15202e-03	5.49000e+02
1978	5.51039e+02	1.97800e+03	2.15811e-03	5.49333e+02
1979	5.51363e+02	1.97900e+03	2.16559e-03	5.49667e+02
1980	5.51692e+02	1.98000e+03	2.17644e-03	5.50000e+02
1981	5.52025e+02	1.98100e+03	2.18562e-03	5.50333e+02
1982	5.52350e+02	1.98200e+03	2.19316e-03	5.50667e+02
1983	5.52680e+02	1.98300e+03	2.19932e-03	5.51000e+02
1984	5.53005e+02	1.98400e+03	2.20167e-03	5.51333e+02
1985	5.53338e+02	1.98500e+03	2.19998e-03	5.51667e+02
1986	5.53664e+02	1.98600e+03	2.19440e-03	5.52000e+02
1987	5.53991e+02	1.98700e+03	2.18660e-03	5.52333e+02
1988	5.54318e+02	1.98800e+03	2.16729e-03	5.52667e+02
1989	5.54660e+02	1.98900e+03	2.15456e-03	5.53000e+02
1990	5.54988e+02	1.99000e+03	2.14339e-03	5.53333e+02
1991	5.55320e+02	1.99100e+03	2.13253e-03	5.53667e+02
1992	5.55645e+02	1.99200e+03	2.12262e-03	5.54000e+02
1993	5.55978e+02	1.99300e+03	2.11266e-03	5.54333e+02
1994	5.56315e+02	1.99400e+03	2.10246e-03	5.54667e+02
1995	5.56652e+02	1.99500e+03	2.09212e-03	5.55000e+02
1996	5.56977e+02	1.99600e+03	2.08462e-03	5.55333e+02
1997	5.57308e+02	1.99700e+03	2.07440e-03	5.55667e+02
1998	5.57635e+02	1.99800e+03	2.06298e-03	5.56000e+02
1999	5.57974e+02	1.99900e+03	2.05204e-03	5.56333e+02
2000	5.58303e+02	2.00000e+03	2.04494e-03	5.56667e+02
2001	5.58630e+02	2.00100e+03	2.04249e-03	5.57000e+02
2002	5.58957e+02	2.00200e+03	2.04296e-03	5.57333e+02
2003	5.59277e+02	2.00300e+03	2.04360e-03	5.57667e+02
2004	5.59584e+02	2.00400e+03	2.04702e-03	5.58000e+02
2005	5.59893e+02	2.00500e+03	2.04339e-03	5.58333e+02
2006	5.60201e+02	2.00600e+03	2.03694e-03	5.58667e+02
2007	5.60519e+02	2.00700e+03	2.02926e-03	5.59000e+02
2008	5.60840e+02	2.00800e+03	2.01186e-03	5.59333e+02
2009	5.61156e+02	2.00900e+03	2.00214e-03	5.59667e+02
2010	5.61476e+02	2.01000e+03	1.99677e-03	5.60000e+02
2011	5.61797e+02	2.01100e+03	1.99370e-03	5.60333e+02
2012	5.62123e+02	2.01200e+03	1.99906e-03	5.60667e+02
2013	5.62452e+02	2.01300e+03	2.00542e-03	5.61000e+02
2014	5.62780e+02	2.01400e+03	2.01450e-03	5.61333e+02
2015	5.63109e+02	2.01500e+03	2.02538e-03	5.61667e+02
2016	5.63431e+02	2.01600e+03	2.04773e-03	5.62000e+02
2017	5.63748e+02	2.01700e+03	2.06513e-03	5.62333e+02
2018	5.64074e+02	2.01800e+03	2.08237e-03	5.62667e+02
2019	5.64398e+02	2.01900e+03	2.09986e-03	5.63000e+02
2020	5.64717e+02	2.02000e+03	2.11767e-03	5.63333e+02
2021	5.65047e+02	2.02100e+03	2.13453e-03	5.63667e+02
2022	5.65367e+02	2.02200e+03	2.15027e-03	5.64000e+02
2023	5.65665e+02	2.02300e+03	2.16495e-03	5.64333e+02
2024	5.65984e+02	2.02400e+03	2.17830e-03	5.64667e+02
2025	5.66314e+02	2.02500e+03	2.19211e-03	5.65000e+02
2026	5.66638e+02	2.02600e+03	2.20476e-03	5.65333e+02
2027	5.66964e+02	2.02700e+03	2.21625e-03	5.65667e+02
2028	5.67290e+02	2.02800e+03	2.22305e-03	5.66000e+02
2029	5.67623e+02	2.02900e+03	2.22889e-03	5.66333e+02
2030	5.67942e+02	2.03000e+03	2.23276e-03	5.66667e+02
2031	5.68280e+02	2.03100e+03	2.23537e-03	5.67000e+02
2032	5.68616e+02	2.03200e+03	2.22934e-03	5.67333e+02
2033	5.68936e+02	2.03300e+03	2.22318e-03	5.67667e+02
2034	5.69272e+02	2.03400e+03	2.21459e-03	5.68000e+02
2035	5.69604e+02	2.03500e+03	2.20492e-03	5.68333e+02
2036	5.69932e+02	2.03600e+03	2.19003e-03	5.68667e+02
2037	5.70266e+02	2.03700e+03	2.17881e-03	5.69000e+02
2038	5.70597e+02	2.03800e+03	2.16779e-03	5.69333e+02
2039	5.70922e+02	2.03900e+03	2.15613e-03	5.69667e+02
2040	5.71246e+02	2.04000e+03	2.13977e-03	5.70000e+02
2041	5.71574e+02	2.04100e+03	2.12037e-03	5.70333e+02
2042	5.71900e+02	2.04200e+03	2.09783e-03	5.70667e+02
2043	5.72238e+02	2.04300e+03	2.07301e-03	5.71000e+02
2044	5.72565e+02	2.04400e+03	2.03742e-03	5.71333e+02
2045	5.72884e+02	2.04500e+03	2.00560e-03	5.71667e+02
2046	5.73209e+02	2.04600e+03	1.97443e-03	5.72000e+02
2047	5.73543e+02	2.04700e+03	1.94333e-03	5.72333e+02
2048	5.73878e+02	2.04800e+03	1.91225e-03	5.72667e+02
2049	5.74209e+02	2.04900e+03	1.88948e-03	5.73000e+02
2050	5.74536e+02	2.05000e+03	1.87600e-03	5.73333e+02
2051	5.74865e+02	2.05100e+03	1.86853e-03	5.73667e+02
2052	5.75197e+02	2.05200e+03	1.88574e-03	5.74000e+02
2053	5.75523e+02	2.05300e+03	1.90207e-03	5.74333e+02
2054	5.75858e+02	2.05400e+03	1.92202e-03	5.74667e+02
2055	5.76184e+02	2.05500e+03	1.94477e-03	5.75000e+02
2056	5.76513e+02	2.05600e+03	1.99115e-03	5.75333e+02
2057	5.76841e+02	2.05700e+03	2.02470e-03	5.75667e+02
2058	5.77172e+02	2.05800e+03	2.05388e-03	5.76000e+02
2059	5.77502e+02	2.05900e+03	2.08089e-03	5.76333e+02
2060	5.77831e+02	2.06000e+03	2.10019e-03	5.76667e+02
2061	5.78154e+02	2.06100e+03	2.11553e-03	5.77000e+02
2062	5.78497e+02	2.06200e+03	2.12521e-03	5.77333e+02
2063	5.78836e+02	2.06300e+03	2.13215e-03	5.77667e+02
2064	5.79158e+02	2.06400e+03	2.12483e-03	5.78000e+02
2065	5.79494e+02	2.06500e+03	2.12543e-03	5.78333e+02
2066	5.79837e+02	2.06600e+03	2.12851e-03	5.78667e+02
2067	5.80164e+02	2.06700e+03	2.13194e-03	5.79000e+02
2068	5.80490e+02	2.06800e+03	2.13339e-03	5.79333e+02
2069	5.80826e+02	2.06900e+03	2.13465e-03	5.79667e+02
2070	5.81169e+02	2.07000e+03	2.13416e-03	5.80000e+02
2071	5.81501e+02	2.07100e+03	2.13117e-03	5.80333e+02
2072	5.81831e+02	2.07200e+03	2.12105e-03	5.80667e+02
2073	5.82161e+02	2.07300e+03	2.10991e-03	5.81000e+02
2074	5.82503e+02	2.07400e+03	2.09733e-03	5.81333e+02
2075	5.82824e+02	2.07500e+03	2.08444e-03	5.81667e+02
2076	5.83159e+02	2.07600e+03	2.06477e-03	5.82000e+02
2077	5.83485e+02	2.07700e+03	2.05269e-03	5.82333e+02
2078	5.83814e+02	2.07800e+03	2.04444e-03	5.82667e+02
2079	5.84146e+02	2.07900e+03	2.03828e-03	5.83000e+02
2080	5.84487e+02	2.08000e+03	2.04299e-03	5.83333e+02
2081	5.84806e+02	2.08100e+03	2.04332e-03	5.83667e+02
2082	5.85125e+02	2.08200e+03	2.04310e-03	5.84000e+02
2083	5.85455e+02	2.08300e+03	2.04349e-03	5.84333e+02
2084	5.85792e+02	2.08400e+03	2.04823e-03	5.84667e+02
2085	5.86110e+02	2.08500e+03	2.05138e-03	5.85000e+02
2086	5.86448e+02	2.08600e+03	2.05449e-03	5.85333e+02
2087	5.86778e+02	2.08700e+03	2.05769e-03	5.85667e+02
2088	5.87094e+02	2.08800e+03	2.06082e-03	5.86000e+02
2089	5.87438e+02	2.08900e+03	2.06289e-03	5.86333e+02
2090	5.87762e+02	2.09000e+03	2.06208e-03	5.86667e+02
2091	5.88094e+02	2.09100e+03	2.05911e-03	5.87000e+02
2092	5.88421e+02	2.09200e+03	2.05270e-03	5.87333e+02
2093	5.88754e+02	2.09300e+03	2.04734e-03	5.87667e+02
2094	5.89080e+02	2.09400e+03	2.04340e-03	5.88000e+02
2095	5.89416e+02	2.09500e+03	2.04101e-03	5.88333e+02
2096	5.89736e+02	2.09600e+03	2.04036e-03	5.88667e+02
2097	5.90072e+02	2.09700e+03	2.04204e-03	5.89000e+02
2098	5.90398e+02	2.09800e+03	2.04478e-03	5.89333e+02
2099	5.90714e+02	2.09900e+03	2.04777e-03	5.89667e+02
2100	5.91054e+02	2.10000e+03	2.05436e-03	5.90000e+02
2101	5.91380e+02	2.10100e+03	2.05439e-03	5.90333e+02
2102	5.91699e+02	2.10200e+03	2.05106e-03	5.90667e+02
2103	5.92028e+02	2.10300e+03	2.04644e-03	5.91000e+02
2104	5.92360e+02	2.10400e+03	2.03387e-03	5.91333e+02
2105	5.92698e+02	2.10500e+03	2.02558e-03	5.91667e+02
2106	5.93024e+02	2.10600e+03	2.01777e-03	5.92000e+02
2107	5.93362e+02	2.10700e+03	2.00984e-03	5.92333e+02
2108	5.93688e+02	2.10800e+03	2.00275e-03	5.92667e+02
2109	5.94017e+02	2.10900e+03	1.99543e-03	5.93000e+02
2110	5.94338e+02	2.11000e+03	1.98838e-03	5.93333e+02
2111	5.94678e+02	2.11100e+03	1.98207e-03	5.93667e+02
2112	5.95009e+02	2.11200e+03	1.97804e-03	5.94000e+02
2113	5.95335e+02	2.11300e+03	1.97340e-03	5.94333e+02
2114	5.95664e+02	2.11400e+03	1.96871e-03	5.94667e+02
2115	5.95999e+02	2.11500e+03	1.96425e-03	5.95000e+02
2116	5.96322e+02	2.11600e+03	1.96254e-03	5.95333e+02
2117	5.96658e+02	2.11700e+03	1.96102e-03	5.95667e+02
2118	5.96999e+02	2.11800e+03	1.96103e-03	5.96000e+02
2119	5.97316e+02	2.11900e+03	1.96216e-03	5.96333e+02
2120	5.97642e+02	2.12000e+03	1.96916e-03	5.96667e+02
2121	5.97983e+02	2.12100e+03	1.97774e-03	5.97000e+02
2122	5.98298e+02	2.12200e+03	1.98931e-03	5.97333e+02
2123	5.98635e+02	2.12300e+03	2.00283e-03	5.97667e+02
2124	5.98974e+02	2.12400e+03	2.02548e-03	5.98000e+02
2125	5.99309e+02	2.12500e+03	2.04367e-03	5.98333e+02
2126	5.99638e+02	2.12600e+03	2.06029e-03	5.98667e+02
2127	5.99959e+02	2.12700e+03	2.07647e-03	5.99000e+02
2128	6.00307e+02	2.12800e+03	2.08984e-03	5.99333e+02
2129	6.00628e+02	2.12900e+03	2.09790e-03	5.99667e+02
2130	6.00964e+02	2.13000e+03	2.10172e-03	6.00000e+02
2131	6.01292e+02	2.13100e+03	2.10365e-03	6.00333e+02
2132	6.01627e+02	2.13200e+03	2.09320e-03	6.00667e+02
2133	6.01958e+02	2.13300e+03	2.08705e-03	6.01000e+02
2134	6.02287e+02	2.13400e+03	2.08074e-03	6.01333e+02
2135	6.02618e+02	2.13500e+03	2.07361e-03	6.01667e+02
2136	6.02949e+02	2.13600e+03	2.05952e-03	6.02000e+02
2137	6.03276e+02	2.13700e+03	2.04738e-03	6.02333e+02
2138	6.03615e+02	2.13800e+03	2.03641e-03	6.02667e+02
2139	6.03952e+02	2.13900e+03	2.02627e-03	6.03000e+02
2140	6.04275e+02	2.14000e+03	2.01816e-03	6.03333e+02
2141	6.04614e+02	2.14100e+03	2.01369e-03	6.03667e+02
2142	6.04933e+02	2.14200e+03	2.01145e-03	6.04000e+02
2143	6.05263e+02	2.14300e+03	2.01014e-03	6.04333e+02
2144	6.05598e+02	2.14400e+03	2.01703e-03	6.04667e+02
2145	6.05930e+02	2.14500e+03	2.02012e-03	6.05000e+02
2146	6.06260e+02	2.14600e+03	2.02343e-03	6.05333e+02
2147	6.06592e+02	2.14700e+03	2.02725e-03	6.05667e+02
2148	6.06918e+02	2.14800e+03	2.03140e-03	6.06000e+02
2149	6.07259e+02	2.14900e+03	2.03564e-03	6.06333e+02
2150	6.07584e+02	2.15000e+03	2.04001e-03	6.06667e+02
2151	6.07912e+02	2.15100e+03	2.04469e-03	6.07000e+02
2152	6.08251e+02	2.15200e+03	2.05098e-03	6.07333e+02
2153	6.08579e+02	2.15300e+03	2.05678e-03	6.07667e+02
2154	6.08904e+02	2.15400e+03	2.06172e-03	6.08000e+02
2155	6.09234e+02	2.15500e+03	2.06506e-03	6.08333e+02
2156	6.09568e+02	2.15600e+03	2.06521e-03	6.08667e+02
2157	6.09904e+02	2.15700e+03	2.06508e-03	6.09000e+02
2158	6.10220e+02	2.15800e+03	2.06649e-03	6.09333e+02
2159	6.10558e+02	2.15900e+03	2.07020e-03	6.09667e+02
2160	6.10889e+02	2.16000e+03	2.07564e-03	6.10000e+02
2161	6.11214e+02	2.16100e+03	2.08515e-03	6.10333e+02
2162	6.11534e+02	2.16200e+03	2.09693e-03	6.10667e+02
2163	6.11857e+02	2.16300e+03	2.10959e-03	6.11000e+02
2164	6.12184e+02	2.16400e+03	2.13193e-03	6.11333e+02
2165	6.12513e+02	2.16500e+03	2.14822e-03	6.11667e+02
2166	6.12845e+02	2.16600e+03	2.16299e-03	6.12000e+02
2167	6.13178e+02	2.16700e+03	2.17699e-03	6.12333e+02
2168	6.13501e+02	2.16800e+03	2.18173e-03	6.12667e+02
2169	6.13835e+02	2.16900e+03	2.18221e-03	6.13000e+02
2170	6.14157e+02	2.17000e+03	2.17754e-03	6.13333e+02
2171	6.14487e+02	2.17100e+03	2.16975e-03	6.13667e+02
2172	6.14820e+02	2.17200e+03	2.14486e-03	6.14000e+02
2173	6.15143e+02	2.17300e+03	2.12535e-03	6.14333e+02
2174	6.15476e+02	2.17400e+03	2.10631e-03	6.14667e+02
2175	6.15798e+02	2.17500e+03	2.08697e-03	6.15000e+02
2176	6.16124e+02	2.17600e+03	2.06182e-03	6.15333e+02
2177	6.16459e+02	2.17700e+03	2.04338e-03	6.15667e+02
2178	6.16795e+02	2.17800e+03	2.03048e-03	6.16000e+02
2179	6.17111e+02	2.17900e+03	2.02088e-03	6.16333e+02
2180	6.17449e+02	2.18000e+03	2.02036e-03	6.16667e+02
2181	6.17773e+02	2.18100e+03	2.01588e-03	6.17000e+02
2182	6.18096e+02	2.18200e+03	2.00756e-03	6.17333e+02
2183	6.18429e+02	2.18300e+03	1.99573e-03	6.17667e+02
2184	6.18763e+02	2.18400e+03	1.97883e-03	6.18000e+02
2185	6.19100e+02	2.18500e+03	1.95851e-03	6.18333e+02
2186	6.19429e+02	2.18600e+03	1.93639e-03	6.18667e+02
2187	6.19759e+02	2.18700e+03	1.91330e-03	6.19000e+02
2188	6.20091e+02	2.18800e+03	1.88127e-03	6.19333e+02
2189	6.20419e+02	2.18900e+03	1.86147e-03	6.19667e+02
2190	6.20760e+02	2.19000e+03	1.84791e-03	6.20000e+02
2191	6.21084e+02	2.19100e+03	1.83810e-03	6.20333e+02
2192	6.21403e+02	2.19200e+03	1.84875e-03	6.20667e+02
2193	6.21741e+02	2.19300e+03	1.85402e-03	6.21000e+02
2194	6.22072e+02	2.19400e+03	1.85880e-03	6.21333e+02
2195	6.22398e+02	2.19500e+03	1.86293e-03	6.21667e+02
2196	6.22720e+02	2.19600e+03	1.87375e-03	6.22000e+02
2197	6.23053e+02	2.19700e+03	1.87898e-03	6.22333e+02
2198	6.23387e+02	2.19800e+03	1.88212e-03	6.22667e+02
2199	6.23715e+02	2.19900e+03	1.88421e-03	6.23000e+02
2200	6.24047e+02	2.20000e+03	1.87889e-03	6.23333e+02
2201	6.24371e+02	2.20100e+03	1.87643e-03	6.23667e+02
2202	6.24710e+02	2.20200e+03	1.87321e-03	6.24000e+02
2203	6.25035e+02	2.20300e+03	1.86941e-03	6.24333e+02
2204	6.25380e+02	2.20400e+03	1.86472e-03	6.24667e+02
2205	6.25708e+02	2.20500e+03	1.86127e-03	6.25000e+02
2206	6.26041e+02	2.20600e+03	1.85818e-03	6.25333e+02
2207	6.26379e+02	2.20700e+03	1.85482e-03	6.25667e+02
2208	6.26712e+02	2.20800e+03	1.84901e-03	6.26000e+02
2209	6.27043e+02	2.20900e+03	1.84169e-03	6.26333e+02
2210	6.27385e+02	2.21000e+03	1.83317e-03	6.26667e+02
2211	6.27714e+02	2.21100e+03	1.82401e-03	6.27000e+02
2212	6.28044e+02	2.21200e+03	1.81394e-03	6.27333e+02
2213	6.28381e+02	2.21300e+03	1.80940e-03	6.27667e+02
2214	6.28729e+02	2.21400e+03	1.80889e-03	6.28000e+02
2215	6.29055e+02	2.21500e+03	1.81040e-03	6.28333e+02
2216	6.29387e+02	2.21600e+03	1.82229e-03	6.28667e+02
2217	6.29726e+02	2.21700e+03	1.83268e-03	6.29000e+02
2218	6.30062e+02	2.21800e+03	1.84439e-03	6.29333e+02
2219	6.30395e+02	2.21900e+03	1.85743e-03	6.29667e+02
2220	6.30733e+02	2.22000e+03	1.88081e-03	6.30000e+02
2221	6.31073e+02	2.22100e+03	1.90212e-03	6.30333e+02
2222	6.31397e+02	2.22200e+03	1.92484e-03	6.30667e+02
2223	6.31735e+02	2.22300e+03	1.94881e-03	6.31000e+02
2224	6.32065e+02	2.22400e+03	1.97769e-03	6.31333e+02
2225	6.32403e+02	2.22500e+03	2.00262e-03	6.31667e+02
2226	6.32733e+02	2.22600e+03	2.02431e-03	6.32000e+02
2227	6.33080e+02	2.22700e+03	2.04365e-03	6.32333e+02
2228	6.33401e+02	2.22800e+03	2.05553e-03	6.32667e+02
2229	6.33734e+02	2.22900e+03	2.06719e-03	6.33000e+02
2230	6.34061e+02	2.23000e+03	2.07659e-03	6.33333e+02
2231	6.34399e+02	2.23100e+03	2.08297e-03	6.33667e+02
2232	6.34724e+02	2.23200e+03	2.07307e-03	6.34000e+02
2233	6.35060e+02	2.23300e+03	2.06647e-03	6.34333e+02
2234	6.35393e+02	2.23400e+03	2.05880e-03	6.34667e+02
2235	6.35723e+02	2.23500e+03	2.05019e-03	6.35000e+02
2236	6.36051e+02	2.23600e+03	2.03419e-03	6.35333e+02
2237	6.36385e+02	2.23700e+03	2.02206e-03	6.35667e+02
2238	6.36719e+02	2.23800e+03	2.01026e-03	6.36000e+02
2239	6.37055e+02	2.23900e+03	1.99883e-03	6.36333e+02
2240	6.37386e+02	2.24000e+03	1.99033e-03	6.36667e+02
2241	6.37721e+02	2.24100e+03	1.98119e-03	6.37000e+02
2242	6.38056e+02	2.24200e+03	1.97328e-03	6.37333e+02
2243	6.38392e+02	2.24300e+03	1.96686e-03	6.37667e+02
2244	6.38714e+02	2.24400e+03	1.96241e-03	6.38000e+02
2245	6.39053e+02	2.24500e+03	1.95692e-03	6.38333e+02
2246	6.39386e+02	2.24600e+03	1.95154e-03	6.38667e+02
2247	6.39719e+02	2.24700e+03	1.94579e-03	6.39000e+02
2248	6.40044e+02	2.24800e+03	1.93998e-03	6.39333e+02
2249	6.40377e+02	2.24900e+03	1.93333e-03	6.39667e+02
2250	6.40705e+02	2.25000e+03	1.92639e-03	6.40000e+02
2251	6.41039e+02	2.25100e+03	1.91936e-03	6.40333e+02
2252	6.41365e+02	2.25200e+03	1.91330e-03	6.40667e+02
2253	6.41691e+02	2.25300e+03	1.90999e-03	6.41000e+02
2254	6.42015e+02	2.25400e+03	1.90768e-03	6.41333e+02
2255	6.42342e+02	2.25500e+03	1.90630e-03	6.41667e+02
2256	6.42677e+02	2.25600e+03	1.91063e-03	6.42000e+02
2257	6.43011e+02	2.25700e+03	1.91030e-03	6.42333e+02
2258	6.43331e+02	2.25800e+03	1.90788e-03	6.42667e+02
2259	6.43661e+02	2.25900e+03	1.90443e-03	6.43000e+02
2260	6.43986e+02	2.26000e+03	1.89744e-03	6.43333e+02
2261	6.44320e+02	2.26100e+03	1.89159e-03	6.43667e+02
2262	6.44646e+02	2.26200e+03	1.88656e-03	6.44000e+02
2263	6.44985e+02	2.26300e+03	1.88238e-03	6.44333e+02
2264	6.45311e+02	2.26400e+03	1.88013e-03	6.44667e+02
2265	6.45630e+02	2.26500e+03	1.88143e-03	6.45000e+02
2266	6.45962e+02	2.26600e+03	1.88406e-03	6.45333e+02
2267	6.46287e+02	2.26700e+03	1.88695e-03	6.45667e+02
2268	6.46613e+02	2.26800e+03	1.89715e-03	6.46000e+02
2269	6.46944e+02	2.26900e+03	1.90055e-03	6.46333e+02
2270	6.47270e+02	2.27000e+03	1.90165e-03	6.46667e+02
2271	6.47596e+02	2.27100e+03	1.90297e-03	6.47000e+02
2272	6.47922e+02	2.27200e+03	1.90094e-03	6.47333e+02
2273	6.48248e+02	2.27300e+03	1.90288e-03	6.47667e+02
2274	6.48578e+02	2.27400e+03	1.90717e-03	6.48000e+02
2275	6.48911e+02	2.27500e+03	1.91215e-03	6.48333e+02
2276	6.49233e+02	2.27600e+03	1.91687e-03	6.48667e+02
2277	6.49567e+02	2.27700e+03	1.91679e-03	6.49000e+02
2278	6.49901e+02	2.27800e+03	1.91426e-03	6.49333e+02
2279	6.50230e+02	2.27900e+03	1.91145e-03	6.49667e+02
2280	6.50549e+02	2.28000e+03	1.90578e-03	6.50000e+02
2281	6.50881e+02	2.28100e+03	1.90602e-03	6.50333e+02
2282	6.51206e+02	2.28200e+03	1.91004e-03	6.50667e+02
2283	6.51539e+02	2.28300e+03	1.91584e-03	6.51000e+02
2284	6.51872e+02	2.28400e+03	1.93086e-03	6.51333e+02
2285	6.52207e+02	2.28500e+03	1.94261e-03	6.51667e+02
2286	6.52543e+02	2.28600e+03	1.95275e-03	6.52000e+02
2287	6.52876e+02	2.28700e+03	1.96130e-03	6.52333e+02
2288	6.53196e+02	2.28800e+03	1.96800e-03	6.52667e+02
2289	6.53529e+02	2.28900e+03	1.97182e-03	6.53000e+02
2290	6.53859e+02	2.29000e+03	1.97541e-03	6.53333e+02
2291	6.54201e+02	2.29100e+03	1.98031e-03	6.53667e+02
2292	6.54520e+02	2.29200e+03	1.98491e-03	6.54000e+02
2293	6.54858e+02	2.29300e+03	1.99617e-03	6.54333e+02
2294	6.55184e+02	2.29400e+03	2.00864e-03	6.54667e+02
2295	6.55510e+02	2.29500e+03	2.02110e-03	6.55000e+02
2296	6.55846e+02	2.29600e+03	2.03986e-03	6.55333e+02
2297	6.56184e+02	2.29700e+03	2.04820e-03	6.55667e+02
2298	6.56519e+02	2.29800e+03	2.05235e-03	6.56000e+02
2299	6.56849e+02	2.29900e+03	2.05426e-03	6.56333e+02
2300	6.57174e+02	2.30000e+03	2.04079e-03	6.56667e+02
2301	6.57514e+02	2.30100e+03	2.03331e-03	6.57000e+02
2302	6.57845e+02	2.30200e+03	2.02698e-03	6.57333e+02
2303	6.58169e+02	2.30300e+03	2.02082e-03	6.57667e+02
2304	6.58507e+02	2.30400e+03	2.01311e-03	6.58000e+02
2305	6.58837e+02	2.30500e+03	2.00882e-03	6.58333e+02
2306	6.59175e+02	2.30600e+03	2.00751e-03	6.58667e+02
2307	6.59501e+02	2.30700e+03	2.00810e-03	6.59000e+02
2308	6.59845e+02	2.30800e+03	2.01933e-03	6.59333e+02
2309	6.60171e+02	2.30900e+03	2.03089e-03	6.59667e+02
2310	6.60504e+02	2.31000e+03	2.04327e-03	6.60000e+02
2311	6.60836e+02	2.31100e+03	2.05607e-03	6.60333e+02
2312	6.61166e+02	2.31200e+03	2.07528e-03	6.60667e+02
2313	6.61498e+02	2.31300e+03	2.08769e-03	6.61000e+02
2314	6.61830e+02	2.31400e+03	2.09915e-03	6.61333e+02
2315	6.62166e+02	2.31500e+03	2.11078e-03	6.61667e+02
2316	6.62491e+02	2.31600e+03	2.12021e-03	6.62000e+02
2317	6.62822e+02	2.31700e+03	2.13550e-03	6.62333e+02
2318	6.63157e+02	2.31800e+03	2.15189e-03	6.62667e+02
2319	6.63488e+02	2.31900e+03	2.16757e-03	6.63000e+02
2320	6.63815e+02	2.32000e+03	2.18266e-03	6.63333e+02
2321	6.64148e+02	2.32100e+03	2.18786e-03	6.63667e+02
2322	6.64484e+02	2.32200e+03	2.18671e-03	6.64000e+02
2323	6.64817e+02	2.32300e+03	2.18279e-03	6.64333e+02
2324	6.65155e+02	2.32400e+03	2.15965e-03	6.64667e+02
2325	6.65483e+02	2.32500e+03	2.14606e-03	6.65000e+02
2326	6.65819e+02	2.32600e+03	2.13651e-03	6.65333e+02
2327	6.66154e+02	2.32700e+03	2.12879e-03	6.65667e+02
2328	6.66484e+02	2.32800e+03	2.12317e-03	6.66000e+02
2329	6.66810e+02	2.32900e+03	2.12025e-03	6.66333e+02
2330	6.67140e+02	2.33000e+03	2.11922e-03	6.66667e+02
2331	6.67472e+02	2.33100e+03	2.11922e-03	6.67000e+02
2332	6.67803e+02	2.33200e+03	2.12328e-03	6.67333e+02
2333	6.68131e+02	2.33300e+03	2.11970e-03	6.67667e+02
2334	6.68466e+02	2.33400e+03	2.11372e-03	6.68000e+02
2335	6.68800e+02	2.33500e+03	2.10694e-03	6.68333e+02
2336	6.69137e+02	2.33600e+03	2.09545e-03	6.68667e+02
2337	6.69469e+02	2.33700e+03	2.09002e-03	6.69000e+02
2338	6.69802e+02	2.33800e+03	2.08520e-03	6.69333e+02
2339	6.70136e+02	2.33900e+03	2.08014e-03	6.69667e+02
2340	6.70472e+02	2.34000e+03	2.07683e-03	6.70000e+02
2341	6.70805e+02	2.34100e+03	2.06876e-03	6.70333e+02
2342	6.71133e+02	2.34200e+03	2.05926e-03	6.70667e+02
2343	6.71461e+02	2.34300e+03	2.04909e-03	6.71000e+02
2344	6.71799e+02	2.34400e+03	2.03402e-03	6.71333e+02
2345	6.72139e+02	2.34500e+03	2.02642e-03	6.71667e+02
2346	6.72475e+02	2.34600e+03	2.02424e-03	6.72000e+02
2347	6.72803e+02	2.34700e+03	2.02496e-03	6.72333e+02
2348	6.73141e+02	2.34800e+03	2.03931e-03	6.72667e+02
2349	6.73471e+02	2.34900e+03	2.05307e-03	6.73000e+02
2350	6.73801e+02	2.35000e+03	2.06816e-03	6.73333e+02
2351	6.74133e+02	2.35100e+03	2.08378e-03	6.73667e+02
2352	6.74466e+02	2.35200e+03	2.10623e-03	6.74000e+02
2353	6.74801e+02	2.35300e+03	2.11977e-03	6.74333e+02
2354	6.75125e+02	2.35400e+03	2.13155e-03	6.74667e+02
2355	6.75461e+02	2.35500e+03	2.14365e-03	6.75000e+02
2356	6.75779e+02	2.35600e+03	2.14810e-03	6.75333e+02
2357	6.76121e+02	2.35700e+03	2.15462e-03	6.75667e+02
2358	6.76445e+02	2.35800e+03	2.15905e-03	6.76000e+02
2359	6.76783e+02	2.35900e+03	2.16220e-03	6.76333e+02
2360	6.77118e+02	2.36000e+03	2.16224e-03	6.76667e+02
2361	6.77441e+02	2.36100e+03	2.16034e-03	6.77000e+02
2362	6.77782e+02	2.36200e+03	2.15651e-03	6.77333e+02
2363	6.78113e+02	2.36300e+03	2.15197e-03	6.77667e+02
2364	6.78440e+02	2.36400e+03	2.14178e-03	6.78000e+02
2365	6.78774e+02	2.36500e+03	2.13553e-03	6.78333e+02
2366	6.79104e+02	2.36600e+03	2.12998e-03	6.78667e+02
2367	6.79445e+02	2.36700e+03	2.12494e-03	6.79000e+02
2368	6.79763e+02	2.36800e+03	2.12095e-03	6.79333e+02
2369	6.80096e+02	2.36900e+03	2.11365e-03	6.79667e+02
2370	6.80430e+02	2.37000e+03	2.10514e-03	6.80000e+02
2371	6.80763e+02	2.37100e+03	2.09616e-03	6.80333e+02
2372	6.81090e+02	2.37200e+03	2.08185e-03	6.80667e+02
2373	6.81425e+02	2.37300e+03	2.06873e-03	6.81000e+02
2374	6.81762e+02	2.37400e+03	2.05500e-03	6.81333e+02
2375	6.82081e+02	2.37500e+03	2.04117e-03	6.81667e+02
2376	6.82416e+02	2.37600e+03	2.02549e-03	6.82000e+02
2377	6.82751e+02	2.37700e+03	2.01131e-03	6.82333e+02
2378	6.83085e+02	2.37800e+03	1.99815e-03	6.82667e+02
2379	6.83418e+02	2.37900e+03	1.98512e-03	6.83000e+02
2380	6.83754e+02	2.38000e+03	1.97532e-03	6.83333e+02
2381	6.84083e+02	2.38100e+03	1.96562e-03	6.83667e+02
2382	6.84412e+02	2.38200e+03	1.95562e-03	6.84000e+02
2383	6.84743e+02	2.38300e+03	1.94582e-03	6.84333e+02
2384	6.85083e+02	2.38400e+03	1.93788e-03	6.84667e+02
2385	6.85411e+02	2.38500e+03	1.92827e-03	6.85000e+02
2386	6.85747e+02	2.38600e+03	1.91981e-03	6.85333e+02
2387	6.86074e+02	2.38700e+03	1.91271e-03	6.85667e+02
2388	6.86407e+02	2.38800e+03	1.90842e-03	6.86000e+02
2389	6.86730e+02	2.38900e+03	1.90681e-03	6.86333e+02
2390	6.87061e+02	2.39000e+03	1.90647e-03	6.86667e+02
2391	6.87393e+02	2.39100e+03	1.90622e-03	6.87000e+02
2392	6.87728e+02	2.39200e+03	1.91192e-03	6.87333e+02
2393	6.88058e+02	2.39300e+03	1.91324e-03	6.87667e+02
2394	6.88391e+02	2.39400e+03	1.91330e-03	6.88000e+02
2395	6.88728e+02	2.39500e+03	1.91261e-03	6.88333e+02
2396	6.89055e+02	2.39600e+03	1.90838e-03	6.88667e+02
2397	6.89381e+02	2.39700e+03	1.90530e-03	6.89000e+02
2398	6.89717e+02	2.39800e+03	1.90150e-03	6.89333e+02
2399	6.90050e+02	2.39900e+03	1.89750e-03	6.89667e+02
2400	6.90378e+02	2.40000e+03	1.89189e-03	6.90000e+02
2401	6.90705e+02	2.40100e+03	1.88705e-03	6.90333e+02
2402	6.91041e+02	2.40200e+03	1.88360e-03	6.90667e+02
2403	6.91381e+02	2.40300e+03	1.88120e-03	6.91000e+02
2404	6.91711e+02	2.40400e+03	1.88576e-03	6.91333e+02
2405	6.91868e+02	2.40500e+03	1.89562e-03	6.91667e+02
2406	6.92012e+02	2.40600e+03	1.91015e-03	6.92000e+02
2407	6.92225e+02	2.40700e+03	1.92629e-03	6.92333e+02
2408	6.92478e+02	2.40800e+03	1.95370e-03	6.92667e+02
2409	6.92737e+02	2.40900e+03	1.97293e-03	6.93000e+02
2410	6.92987e+02	2.41000e+03	1.98742e-03	6.93333e+02
2411	6.93221e+02	2.41100e+03	1.99784e-03	6.93667e+02
2412	6.93469e+02	2.41200e+03	1.99711e-03	6.94000e+02
2413	6.93681e+02	2.41300e+03	1.99676e-03	6.94333e+02
2414	6.93906e+02	2.41400e+03	1.99754e-03	6.94667e+02
2415	6.94110e+02	2.41500e+03	1.99981e-03	6.95000e+02
2416	6.94316e+02	2.41600e+03	1.99964e-03	6.95333e+02
2417	6.94514e+02	2.41700e+03	2.00678e-03	6.95667e+02
2418	6.94699e+02	2.41800e+03	2.01510e-03	6.96000e+02
2419	6.94885e+02	2.41900e+03	2.02328e-03	6.96333e+02
2420	6.95053e+02	2.42000e+03	2.04159e-03	6.96667e+02
2421	6.95239e+02	2.42100e+03	2.05002e-03	6.97000e+02
2422	6.95401e+02	2.42200e+03	2.05398e-03	6.97333e+02
2423	6.95553e+02	2.42300e+03	2.05545e-03	6.97667e+02
2424	6.95694e+02	2.42400e+03	2.04255e-03	6.98000e+02
2425	6.95840e+02	2.42500e+03	2.03456e-03	6.98333e+02
2426	6.95982e+02	2.42600e+03	2.02867e-03	6.98667e+02
2427	6.96125e+02	2.42700e+03	2.02486e-03	6.99000e+02
2428	6.96265e+02	2.42800e+03	2.02495e-03	6.99333e+02
2429	6.96395e+02	2.42900e+03	2.02974e-03	6.99667e+02
2430	6.96523e+02	2.43000e+03	2.03744e-03	7.00000e+02
