index	ts	t	weight	tr
[#]	[°C]	[s]	[mg]	[°C]
723	1.31452e+02	7.23000e+02	9.84991e-01	1.31000e+02
724	1.31778e+02	7.24000e+02	9.84965e-01	1.31333e+02
725	1.32115e+02	7.25000e+02	9.84942e-01	1.31667e+02
726	1.32459e+02	7.26000e+02	9.84920e-01	1.32000e+02
727	1.32788e+02	7.27000e+02	9.84897e-01	1.32333e+02
728	1.33126e+02	7.28000e+02	9.84873e-01	1.32667e+02
729	1.33464e+02	7.29000e+02	9.84854e-01	1.33000e+02
730	1.33798e+02	7.30000e+02	9.84838e-01	1.33333e+02
731	1.34144e+02	7.31000e+02	9.84822e-01	1.33667e+02
732	1.34471e+02	7.32000e+02	9.84813e-01	1.34000e+02
733	1.34815e+02	7.33000e+02	9.84799e-01	1.34333e+02
734	1.35154e+02	7.34000e+02	9.84784e-01	1.34667e+02
735	1.35489e+02	7.35000e+02	9.84769e-01	1.35000e+02
736	1.35813e+02	7.36000e+02	9.84748e-01	1.35333e+02
737	1.36147e+02	7.37000e+02	9.84728e-01	1.35667e+02
738	1.36489e+02	7.38000e+02	9.84708e-01	1.36000e+02
739	1.36833e+02	7.39000e+02	9.84688e-01	1.36333e+02
740	1.37156e+02	7.40000e+02	9.84663e-01	1.36667e+02
741	1.37485e+02	7.41000e+02	9.84639e-01	1.37000e+02
742	1.37834e+02	7.42000e+02	9.84613e-01	1.37333e+02
743	1.38171e+02	7.43000e+02	9.84586e-01	1.37667e+02
744	1.38512e+02	7.44000e+02	9.84554e-01	1.38000e+02
745	1.38843e+02	7.45000e+02	9.84524e-01	1.38333e+02
746	1.39181e+02	7.46000e+02	9.84493e-01	1.38667e+02
747	1.39514e+02	7.47000e+02	9.84462e-01	1.39000e+02
748	1.39853e+02	7.48000e+02	9.84428e-01	1.39333e+02
749	1.40195e+02	7.49000e+02	9.84397e-01	1.39667e+02
750	1.40536e+02	7.50000e+02	9.84369e-01	1.40000e+02
751	1.40861e+02	7.51000e+02	9.84343e-01	1.40333e+02
752	1.41191e+02	7.52000e+02	9.84324e-01	1.40667e+02
753	1.41528e+02	7.53000e+02	9.84306e-01	1.41000e+02
754	1.41872e+02	7.54000e+02	9.84290e-01	1.41333e+02
755	1.42215e+02	7.55000e+02	9.84275e-01	1.41667e+02
756	1.42554e+02	7.56000e+02	9.84270e-01	1.42000e+02
757	1.42874e+02	7.57000e+02	9.84259e-01	1.42333e+02
758	1.43215e+02	7.58000e+02	9.84246e-01	1.42667e+02
759	1.43553e+02	7.59000e+02	9.84232e-01	1.43000e+02
760	1.43907e+02	7.60000e+02	9.84211e-01	1.43333e+02
761	1.44223e+02	7.61000e+02	9.84188e-01	1.43667e+02
762	1.44562e+02	7.62000e+02	9.84163e-01	1.44000e+02
763	1.44904e+02	7.63000e+02	9.84138e-01	1.44333e+02
764	1.45237e+02	7.64000e+02	9.84105e-01	1.44667e+02
765	1.45575e+02	7.65000e+02	9.84080e-01	1.45000e+02
766	1.45920e+02	7.66000e+02	9.84058e-01	1.45333e+02
767	1.46253e+02	7.67000e+02	9.84038e-01	1.45667e+02
768	1.46588e+02	7.68000e+02	9.84024e-01	1.46000e+02
769	1.46935e+02	7.69000e+02	9.84005e-01	1.46333e+02
770	1.47257e+02	7.70000e+02	9.83984e-01	1.46667e+02
771	1.47593e+02	7.71000e+02	9.83960e-01	1.47000e+02
772	1.47931e+02	7.72000e+02	9.83928e-01	1.47333e+02
773	1.48270e+02	7.73000e+02	9.83891e-01	1.47667e+02
774	1.48609e+02	7.74000e+02	9.83849e-01	1.48000e+02
775	1.48944e+02	7.75000e+02	9.83803e-01	1.48333e+02
776	1.49268e+02	7.76000e+02	9.83736e-01	1.48667e+02
777	1.49622e+02	7.77000e+02	9.83675e-01	1.49000e+02
778	1.49964e+02	7.78000e+02	9.83614e-01	1.49333e+02
779	1.50294e+02	7.79000e+02	9.83552e-01	1.49667e+02
780	1.50632e+02	7.80000e+02	9.83485e-01	1.50000e+02
781	1.50973e+02	7.81000e+02	9.83422e-01	1.50333e+02
782	1.51318e+02	7.82000e+02	9.83362e-01	1.50667e+02
783	1.51651e+02	7.83000e+02	9.83302e-01	1.51000e+02
784	1.51979e+02	7.84000e+02	9.83246e-01	1.51333e+02
785	1.52315e+02	7.85000e+02	9.83189e-01	1.51667e+02
786	1.52645e+02	7.86000e+02	9.83132e-01	1.52000e+02
787	1.52991e+02	7.87000e+02	9.83077e-01	1.52333e+02
788	1.53333e+02	7.88000e+02	9.83025e-01	1.52667e+02
789	1.53666e+02	7.89000e+02	9.82974e-01	1.53000e+02
790	1.53996e+02	7.90000e+02	9.82925e-01	1.53333e+02
791	1.54339e+02	7.91000e+02	9.82877e-01	1.53667e+02
792	1.54675e+02	7.92000e+02	9.82837e-01	1.54000e+02
793	1.55020e+02	7.93000e+02	9.82792e-01	1.54333e+02
794	1.55347e+02	7.94000e+02	9.82746e-01	1.54667e+02
795	1.55688e+02	7.95000e+02	9.82697e-01	1.55000e+02
796	1.56023e+02	7.96000e+02	9.82644e-01	1.55333e+02
797	1.56366e+02	7.97000e+02	9.82586e-01	1.55667e+02
798	1.56688e+02	7.98000e+02	9.82526e-01	1.56000e+02
799	1.57039e+02	7.99000e+02	9.82463e-01	1.56333e+02
800	1.57372e+02	8.00000e+02	9.82387e-01	1.56667e+02
801	1.57711e+02	8.01000e+02	9.82318e-01	1.57000e+02
802	1.58050e+02	8.02000e+02	9.82249e-01	1.57333e+02
803	1.58380e+02	8.03000e+02	9.82180e-01	1.57667e+02
804	1.58728e+02	8.04000e+02	9.82112e-01	1.58000e+02
805	1.59056e+02	8.05000e+02	9.82043e-01	1.58333e+02
806	1.59387e+02	8.06000e+02	9.81975e-01	1.58667e+02
807	1.59742e+02	8.07000e+02	9.81907e-01	1.59000e+02
808	1.60070e+02	8.08000e+02	9.81843e-01	1.59333e+02
809	1.60409e+02	8.09000e+02	9.81778e-01	1.59667e+02
810	1.60752e+02	8.10000e+02	9.81714e-01	1.60000e+02
811	1.61086e+02	8.11000e+02	9.81651e-01	1.60333e+02
812	1.61418e+02	8.12000e+02	9.81588e-01	1.60667e+02
813	1.61770e+02	8.13000e+02	9.81523e-01	1.61000e+02
814	1.62099e+02	8.14000e+02	9.81457e-01	1.61333e+02
815	1.62432e+02	8.15000e+02	9.81390e-01	1.61667e+02
816	1.62770e+02	8.16000e+02	9.81322e-01	1.62000e+02
817	1.63112e+02	8.17000e+02	9.81258e-01	1.62333e+02
818	1.63437e+02	8.18000e+02	9.81195e-01	1.62667e+02
819	1.63786e+02	8.19000e+02	9.81133e-01	1.63000e+02
820	1.64110e+02	8.20000e+02	9.81075e-01	1.63333e+02
821	1.64455e+02	8.21000e+02	9.81016e-01	1.63667e+02
822	1.64790e+02	8.22000e+02	9.80956e-01	1.64000e+02
823	1.65125e+02	8.23000e+02	9.80895e-01	1.64333e+02
824	1.65473e+02	8.24000e+02	9.80835e-01	1.64667e+02
825	1.65797e+02	8.25000e+02	9.80771e-01	1.65000e+02
826	1.66121e+02	8.26000e+02	9.80704e-01	1.65333e+02
827	1.66452e+02	8.27000e+02	9.80635e-01	1.65667e+02
828	1.66804e+02	8.28000e+02	9.80555e-01	1.66000e+02
829	1.67152e+02	8.29000e+02	9.80476e-01	1.66333e+02
830	1.67492e+02	8.30000e+02	9.80394e-01	1.66667e+02
831	1.67823e+02	8.31000e+02	9.80311e-01	1.67000e+02
832	1.68164e+02	8.32000e+02	9.80217e-01	1.67333e+02
833	1.68494e+02	8.33000e+02	9.80125e-01	1.67667e+02
834	1.68832e+02	8.34000e+02	9.80031e-01	1.68000e+02
835	1.69174e+02	8.35000e+02	9.79935e-01	1.68333e+02
836	1.69510e+02	8.36000e+02	9.79829e-01	1.68667e+02
837	1.69853e+02	8.37000e+02	9.79724e-01	1.69000e+02
838	1.70184e+02	8.38000e+02	9.79619e-01	1.69333e+02
839	1.70523e+02	8.39000e+02	9.79513e-01	1.69667e+02
840	1.70849e+02	8.40000e+02	9.79395e-01	1.70000e+02
841	1.71192e+02	8.41000e+02	9.79279e-01	1.70333e+02
842	1.71528e+02	8.42000e+02	9.79160e-01	1.70667e+02
843	1.71866e+02	8.43000e+02	9.79038e-01	1.71000e+02
844	1.72213e+02	8.44000e+02	9.78904e-01	1.71333e+02
845	1.72541e+02	8.45000e+02	9.78769e-01	1.71667e+02
846	1.72878e+02	8.46000e+02	9.78632e-01	1.72000e+02
847	1.73229e+02	8.47000e+02	9.78492e-01	1.72333e+02
848	1.73558e+02	8.48000e+02	9.78334e-01	1.72667e+02
849	1.73888e+02	8.49000e+02	9.78176e-01	1.73000e+02
850	1.74226e+02	8.50000e+02	9.78013e-01	1.73333e+02
851	1.74560e+02	8.51000e+02	9.77847e-01	1.73667e+02
852	1.74906e+02	8.52000e+02	9.77662e-01	1.74000e+02
853	1.75244e+02	8.53000e+02	9.77481e-01	1.74333e+02
854	1.75585e+02	8.54000e+02	9.77299e-01	1.74667e+02
855	1.75932e+02	8.55000e+02	9.77115e-01	1.75000e+02
856	1.76251e+02	8.56000e+02	9.76921e-01	1.75333e+02
857	1.76600e+02	8.57000e+02	9.76731e-01	1.75667e+02
858	1.76940e+02	8.58000e+02	9.76541e-01	1.76000e+02
859	1.77290e+02	8.59000e+02	9.76349e-01	1.76333e+02
860	1.77612e+02	8.60000e+02	9.76148e-01	1.76667e+02
861	1.77951e+02	8.61000e+02	9.75946e-01	1.77000e+02
862	1.78290e+02	8.62000e+02	9.75738e-01	1.77333e+02
863	1.78626e+02	8.63000e+02	9.75526e-01	1.77667e+02
864	1.78963e+02	8.64000e+02	9.75291e-01	1.78000e+02
865	1.79286e+02	8.65000e+02	9.75052e-01	1.78333e+02
866	1.79631e+02	8.66000e+02	9.74803e-01	1.78667e+02
867	1.79970e+02	8.67000e+02	9.74546e-01	1.79000e+02
868	1.80298e+02	8.68000e+02	9.74253e-01	1.79333e+02
869	1.80643e+02	8.69000e+02	9.73969e-01	1.79667e+02
870	1.80987e+02	8.70000e+02	9.73683e-01	1.80000e+02
871	1.81316e+02	8.71000e+02	9.73394e-01	1.80333e+02
872	1.81650e+02	8.72000e+02	9.73083e-01	1.80667e+02
873	1.81993e+02	8.73000e+02	9.72782e-01	1.81000e+02
874	1.82323e+02	8.74000e+02	9.72481e-01	1.81333e+02
875	1.82651e+02	8.75000e+02	9.72179e-01	1.81667e+02
876	1.82998e+02	8.76000e+02	9.71871e-01	1.82000e+02
877	1.83334e+02	8.77000e+02	9.71562e-01	1.82333e+02
878	1.83675e+02	8.78000e+02	9.71250e-01	1.82667e+02
879	1.84008e+02	8.79000e+02	9.70936e-01	1.83000e+02
880	1.84340e+02	8.80000e+02	9.70608e-01	1.83333e+02
881	1.84671e+02	8.81000e+02	9.70279e-01	1.83667e+02
882	1.85016e+02	8.82000e+02	9.69944e-01	1.84000e+02
883	1.85350e+02	8.83000e+02	9.69605e-01	1.84333e+02
884	1.85698e+02	8.84000e+02	9.69244e-01	1.84667e+02
885	1.86032e+02	8.85000e+02	9.68888e-01	1.85000e+02
886	1.86366e+02	8.86000e+02	9.68531e-01	1.85333e+02
887	1.86704e+02	8.87000e+02	9.68172e-01	1.85667e+02
888	1.87049e+02	8.88000e+02	9.67798e-01	1.86000e+02
889	1.87382e+02	8.89000e+02	9.67427e-01	1.86333e+02
890	1.87724e+02	8.90000e+02	9.67055e-01	1.86667e+02
891	1.88054e+02	8.91000e+02	9.66681e-01	1.87000e+02
892	1.88399e+02	8.92000e+02	9.66296e-01	1.87333e+02
893	1.88733e+02	8.93000e+02	9.65912e-01	1.87667e+02
894	1.89055e+02	8.94000e+02	9.65527e-01	1.88000e+02
895	1.89409e+02	8.95000e+02	9.65140e-01	1.88333e+02
896	1.89750e+02	8.96000e+02	9.64745e-01	1.88667e+02
897	1.90084e+02	8.97000e+02	9.64355e-01	1.89000e+02
898	1.90424e+02	8.98000e+02	9.63965e-01	1.89333e+02
899	1.90754e+02	8.99000e+02	9.63577e-01	1.89667e+02
900	1.91097e+02	9.00000e+02	9.63193e-01	1.90000e+02
901	1.91426e+02	9.01000e+02	9.62812e-01	1.90333e+02
902	1.91773e+02	9.02000e+02	9.62436e-01	1.90667e+02
903	1.92112e+02	9.03000e+02	9.62063e-01	1.91000e+02
904	1.92440e+02	9.04000e+02	9.61706e-01	1.91333e+02
905	1.92785e+02	9.05000e+02	9.61348e-01	1.91667e+02
906	1.93120e+02	9.06000e+02	9.60993e-01	1.92000e+02
907	1.93460e+02	9.07000e+02	9.60639e-01	1.92333e+02
908	1.93789e+02	9.08000e+02	9.60296e-01	1.92667e+02
909	1.94128e+02	9.09000e+02	9.59945e-01	1.93000e+02
910	1.94475e+02	9.10000e+02	9.59592e-01	1.93333e+02
911	1.94808e+02	9.11000e+02	9.59238e-01	1.93667e+02
912	1.95142e+02	9.12000e+02	9.58877e-01	1.94000e+02
913	1.95479e+02	9.13000e+02	9.58520e-01	1.94333e+02
914	1.95827e+02	9.14000e+02	9.58166e-01	1.94667e+02
915	1.96176e+02	9.15000e+02	9.57814e-01	1.95000e+02
916	1.96502e+02	9.16000e+02	9.57469e-01	1.95333e+02
917	1.96843e+02	9.17000e+02	9.57129e-01	1.95667e+02
918	1.97175e+02	9.18000e+02	9.56796e-01	1.96000e+02
919	1.97525e+02	9.19000e+02	9.56467e-01	1.96333e+02
920	1.97854e+02	9.20000e+02	9.56161e-01	1.96667e+02
921	1.98205e+02	9.21000e+02	9.55851e-01	1.97000e+02
922	1.98537e+02	9.22000e+02	9.55543e-01	1.97333e+02
923	1.98893e+02	9.23000e+02	9.55240e-01	1.97667e+02
924	1.99225e+02	9.24000e+02	9.54956e-01	1.98000e+02
925	1.99562e+02	9.25000e+02	9.54669e-01	1.98333e+02
926	1.99924e+02	9.26000e+02	9.54385e-01	1.98667e+02
927	2.00265e+02	9.27000e+02	9.54105e-01	1.99000e+02
928	2.00623e+02	9.28000e+02	9.53846e-01	1.99333e+02
929	2.00959e+02	9.29000e+02	9.53585e-01	1.99667e+02
930	2.01300e+02	9.30000e+02	9.53329e-01	2.00000e+02
931	2.01652e+02	9.31000e+02	9.53076e-01	2.00333e+02
932	2.01991e+02	9.32000e+02	9.52842e-01	2.00667e+02
933	2.02337e+02	9.33000e+02	9.52603e-01	2.01000e+02
934	2.02699e+02	9.34000e+02	9.52368e-01	2.01333e+02
935	2.03064e+02	9.35000e+02	9.52137e-01	2.01667e+02
936	2.03419e+02	9.36000e+02	9.51924e-01	2.02000e+02
937	2.03768e+02	9.37000e+02	9.51712e-01	2.02333e+02
938	2.04101e+02	9.38000e+02	9.51506e-01	2.02667e+02
939	2.04454e+02	9.39000e+02	9.51303e-01	2.03000e+02
940	2.04813e+02	9.40000e+02	9.51129e-01	2.03333e+02
941	2.05163e+02	9.41000e+02	9.50952e-01	2.03667e+02
942	2.05506e+02	9.42000e+02	9.50782e-01	2.04000e+02
943	2.05866e+02	9.43000e+02	9.50617e-01	2.04333e+02
944	2.06214e+02	9.44000e+02	9.50482e-01	2.04667e+02
945	2.06557e+02	9.45000e+02	9.50342e-01	2.05000e+02
946	2.06901e+02	9.46000e+02	9.50205e-01	2.05333e+02
947	2.07242e+02	9.47000e+02	9.50073e-01	2.05667e+02
948	2.07582e+02	9.48000e+02	9.49965e-01	2.06000e+02
949	2.07940e+02	9.49000e+02	9.49849e-01	2.06333e+02
950	2.08288e+02	9.50000e+02	9.49734e-01	2.06667e+02
951	2.08629e+02	9.51000e+02	9.49621e-01	2.07000e+02
952	2.08976e+02	9.52000e+02	9.49519e-01	2.07333e+02
953	2.09300e+02	9.53000e+02	9.49412e-01	2.07667e+02
954	2.09643e+02	9.54000e+02	9.49305e-01	2.08000e+02
955	2.09981e+02	9.55000e+02	9.49199e-01	2.08333e+02
956	2.10314e+02	9.56000e+02	9.49095e-01	2.08667e+02
957	2.10654e+02	9.57000e+02	9.48992e-01	2.09000e+02
958	2.10996e+02	9.58000e+02	9.48891e-01	2.09333e+02
959	2.11338e+02	9.59000e+02	9.48790e-01	2.09667e+02
960	2.11684e+02	9.60000e+02	9.48696e-01	2.10000e+02
961	2.12038e+02	9.61000e+02	9.48605e-01	2.10333e+02
962	2.12381e+02	9.62000e+02	9.48517e-01	2.10667e+02
963	2.12726e+02	9.63000e+02	9.48430e-01	2.11000e+02
964	2.13066e+02	9.64000e+02	9.48353e-01	2.11333e+02
965	2.13405e+02	9.65000e+02	9.48272e-01	2.11667e+02
966	2.13748e+02	9.66000e+02	9.48190e-01	2.12000e+02
967	2.14088e+02	9.67000e+02	9.48108e-01	2.12333e+02
968	2.14432e+02	9.68000e+02	9.48030e-01	2.12667e+02
969	2.14761e+02	9.69000e+02	9.47952e-01	2.13000e+02
970	2.15113e+02	9.70000e+02	9.47876e-01	2.13333e+02
971	2.15448e+02	9.71000e+02	9.47802e-01	2.13667e+02
972	2.15807e+02	9.72000e+02	9.47735e-01	2.14000e+02
973	2.16140e+02	9.73000e+02	9.47671e-01	2.14333e+02
974	2.16487e+02	9.74000e+02	9.47608e-01	2.14667e+02
975	2.16832e+02	9.75000e+02	9.47547e-01	2.15000e+02
976	2.17169e+02	9.76000e+02	9.47491e-01	2.15333e+02
977	2.17520e+02	9.77000e+02	9.47429e-01	2.15667e+02
978	2.17852e+02	9.78000e+02	9.47363e-01	2.16000e+02
979	2.18198e+02	9.79000e+02	9.47296e-01	2.16333e+02
980	2.18532e+02	9.80000e+02	9.47219e-01	2.16667e+02
981	2.18864e+02	9.81000e+02	9.47145e-01	2.17000e+02
982	2.19195e+02	9.82000e+02	9.47070e-01	2.17333e+02
983	2.19534e+02	9.83000e+02	9.46995e-01	2.17667e+02
984	2.19869e+02	9.84000e+02	9.46913e-01	2.18000e+02
985	2.20202e+02	9.85000e+02	9.46837e-01	2.18333e+02
986	2.20529e+02	9.86000e+02	9.46763e-01	2.18667e+02
987	2.20869e+02	9.87000e+02	9.46691e-01	2.19000e+02
988	2.21199e+02	9.88000e+02	9.46626e-01	2.19333e+02
989	2.21545e+02	9.89000e+02	9.46563e-01	2.19667e+02
990	2.21880e+02	9.90000e+02	9.46503e-01	2.20000e+02
991	2.22213e+02	9.91000e+02	9.46446e-01	2.20333e+02
992	2.22560e+02	9.92000e+02	9.46401e-01	2.20667e+02
993	2.22888e+02	9.93000e+02	9.46353e-01	2.21000e+02
994	2.23224e+02	9.94000e+02	9.46305e-01	2.21333e+02
995	2.23558e+02	9.95000e+02	9.46257e-01	2.21667e+02
996	2.23895e+02	9.96000e+02	9.46209e-01	2.22000e+02
997	2.24225e+02	9.97000e+02	9.46155e-01	2.22333e+02
998	2.24582e+02	9.98000e+02	9.46094e-01	2.22667e+02
999	2.24913e+02	9.99000e+02	9.46028e-01	2.23000e+02
1000	2.25253e+02	1.00000e+03	9.45941e-01	2.23333e+02
1001	2.25597e+02	1.00100e+03	9.45854e-01	2.23667e+02
1002	2.25930e+02	1.00200e+03	9.45764e-01	2.24000e+02
1003	2.26278e+02	1.00300e+03	9.45672e-01	2.24333e+02
1004	2.26617e+02	1.00400e+03	9.45562e-01	2.24667e+02
1005	2.26959e+02	1.00500e+03	9.45462e-01	2.25000e+02
1006	2.27289e+02	1.00600e+03	9.45364e-01	2.25333e+02
1007	2.27630e+02	1.00700e+03	9.45267e-01	2.25667e+02
1008	2.27962e+02	1.00800e+03	9.45175e-01	2.26000e+02
1009	2.28303e+02	1.00900e+03	9.45084e-01	2.26333e+02
1010	2.28632e+02	1.01000e+03	9.44996e-01	2.26667e+02
1011	2.28971e+02	1.01100e+03	9.44909e-01	2.27000e+02
1012	2.29307e+02	1.01200e+03	9.44833e-01	2.27333e+02
1013	2.29642e+02	1.01300e+03	9.44758e-01	2.27667e+02
1014	2.29982e+02	1.01400e+03	9.44685e-01	2.28000e+02
1015	2.30330e+02	1.01500e+03	9.44614e-01	2.28333e+02
1016	2.30649e+02	1.01600e+03	9.44556e-01	2.28667e+02
1017	2.30986e+02	1.01700e+03	9.44495e-01	2.29000e+02
1018	2.31310e+02	1.01800e+03	9.44434e-01	2.29333e+02
1019	2.31659e+02	1.01900e+03	9.44373e-01	2.29667e+02
1020	2.31990e+02	1.02000e+03	9.44318e-01	2.30000e+02
1021	2.32323e+02	1.02100e+03	9.44259e-01	2.30333e+02
1022	2.32651e+02	1.02200e+03	9.44198e-01	2.30667e+02
1023	2.33003e+02	1.02300e+03	9.44134e-01	2.31000e+02
1024	2.33351e+02	1.02400e+03	9.44062e-01	2.31333e+02
1025	2.33692e+02	1.02500e+03	9.43988e-01	2.31667e+02
1026	2.34038e+02	1.02600e+03	9.43909e-01	2.32000e+02
1027	2.34370e+02	1.02700e+03	9.43828e-01	2.32333e+02
1028	2.34707e+02	1.02800e+03	9.43734e-01	2.32667e+02
1029	2.35056e+02	1.02900e+03	9.43646e-01	2.33000e+02
1030	2.35400e+02	1.03000e+03	9.43562e-01	2.33333e+02
1031	2.35757e+02	1.03100e+03	9.43478e-01	2.33667e+02
1032	2.36093e+02	1.03200e+03	9.43397e-01	2.34000e+02
1033	2.36442e+02	1.03300e+03	9.43317e-01	2.34333e+02
1034	2.36804e+02	1.03400e+03	9.43240e-01	2.34667e+02
1035	2.37166e+02	1.03500e+03	9.43163e-01	2.35000e+02
1036	2.37500e+02	1.03600e+03	9.43096e-01	2.35333e+02
1037	2.37831e+02	1.03700e+03	9.43030e-01	2.35667e+02
1038	2.38164e+02	1.03800e+03	9.42966e-01	2.36000e+02
1039	2.38502e+02	1.03900e+03	9.42904e-01	2.36333e+02
1040	2.38842e+02	1.04000e+03	9.42853e-01	2.36667e+02
1041	2.39173e+02	1.04100e+03	9.42801e-01	2.37000e+02
1042	2.39508e+02	1.04200e+03	9.42749e-01	2.37333e+02
1043	2.39842e+02	1.04300e+03	9.42698e-01	2.37667e+02
1044	2.40158e+02	1.04400e+03	9.42655e-01	2.38000e+02
1045	2.40497e+02	1.04500e+03	9.42610e-01	2.38333e+02
1046	2.40831e+02	1.04600e+03	9.42565e-01	2.38667e+02
1047	2.41166e+02	1.04700e+03	9.42522e-01	2.39000e+02
1048	2.41506e+02	1.04800e+03	9.42480e-01	2.39333e+02
1049	2.41849e+02	1.04900e+03	9.42436e-01	2.39667e+02
1050	2.42162e+02	1.05000e+03	9.42391e-01	2.40000e+02
1051	2.42508e+02	1.05100e+03	9.42343e-01	2.40333e+02
1052	2.42823e+02	1.05200e+03	9.42290e-01	2.40667e+02
1053	2.43166e+02	1.05300e+03	9.42236e-01	2.41000e+02
1054	2.43492e+02	1.05400e+03	9.42180e-01	2.41333e+02
1055	2.43833e+02	1.05500e+03	9.42122e-01	2.41667e+02
1056	2.44165e+02	1.05600e+03	9.42059e-01	2.42000e+02
1057	2.44514e+02	1.05700e+03	9.42001e-01	2.42333e+02
1058	2.44850e+02	1.05800e+03	9.41944e-01	2.42667e+02
1059	2.45177e+02	1.05900e+03	9.41886e-01	2.43000e+02
1060	2.45512e+02	1.06000e+03	9.41831e-01	2.43333e+02
1061	2.45839e+02	1.06100e+03	9.41775e-01	2.43667e+02
1062	2.46181e+02	1.06200e+03	9.41720e-01	2.44000e+02
1063	2.46506e+02	1.06300e+03	9.41666e-01	2.44333e+02
1064	2.46841e+02	1.06400e+03	9.41613e-01	2.44667e+02
1065	2.47177e+02	1.06500e+03	9.41564e-01	2.45000e+02
1066	2.47528e+02	1.06600e+03	9.41517e-01	2.45333e+02
1067	2.47854e+02	1.06700e+03	9.41471e-01	2.45667e+02
1068	2.48195e+02	1.06800e+03	9.41433e-01	2.46000e+02
1069	2.48533e+02	1.06900e+03	9.41394e-01	2.46333e+02
1070	2.48876e+02	1.07000e+03	9.41355e-01	2.46667e+02
1071	2.49207e+02	1.07100e+03	9.41317e-01	2.47000e+02
1072	2.49534e+02	1.07200e+03	9.41283e-01	2.47333e+02
1073	2.49875e+02	1.07300e+03	9.41246e-01	2.47667e+02
1074	2.50205e+02	1.07400e+03	9.41211e-01	2.48000e+02
1075	2.50539e+02	1.07500e+03	9.41175e-01	2.48333e+02
1076	2.50874e+02	1.07600e+03	9.41140e-01	2.48667e+02
1077	2.51218e+02	1.07700e+03	9.41104e-01	2.49000e+02
1078	2.51543e+02	1.07800e+03	9.41069e-01	2.49333e+02
1079	2.51888e+02	1.07900e+03	9.41033e-01	2.49667e+02
1080	2.52222e+02	1.08000e+03	9.40997e-01	2.50000e+02
1081	2.52555e+02	1.08100e+03	9.40959e-01	2.50333e+02
1082	2.52897e+02	1.08200e+03	9.40922e-01	2.50667e+02
1083	2.53216e+02	1.08300e+03	9.40885e-01	2.51000e+02
1084	2.53552e+02	1.08400e+03	9.40845e-01	2.51333e+02
1085	2.53878e+02	1.08500e+03	9.40806e-01	2.51667e+02
1086	2.54215e+02	1.08600e+03	9.40766e-01	2.52000e+02
1087	2.54546e+02	1.08700e+03	9.40726e-01	2.52333e+02
1088	2.54885e+02	1.08800e+03	9.40684e-01	2.52667e+02
1089	2.55218e+02	1.08900e+03	9.40641e-01	2.53000e+02
1090	2.55558e+02	1.09000e+03	9.40597e-01	2.53333e+02
1091	2.55888e+02	1.09100e+03	9.40553e-01	2.53667e+02
1092	2.56220e+02	1.09200e+03	9.40503e-01	2.54000e+02
1093	2.56539e+02	1.09300e+03	9.40455e-01	2.54333e+02
1094	2.56891e+02	1.09400e+03	9.40408e-01	2.54667e+02
1095	2.57213e+02	1.09500e+03	9.40363e-01	2.55000e+02
1096	2.57544e+02	1.09600e+03	9.40319e-01	2.55333e+02
1097	2.57882e+02	1.09700e+03	9.40275e-01	2.55667e+02
1098	2.58200e+02	1.09800e+03	9.40231e-01	2.56000e+02
1099	2.58561e+02	1.09900e+03	9.40185e-01	2.56333e+02
1100	2.58886e+02	1.10000e+03	9.40141e-01	2.56667e+02
1101	2.59225e+02	1.10100e+03	9.40094e-01	2.57000e+02
1102	2.59571e+02	1.10200e+03	9.40046e-01	2.57333e+02
1103	2.59902e+02	1.10300e+03	9.39999e-01	2.57667e+02
1104	2.60229e+02	1.10400e+03	9.39946e-01	2.58000e+02
1105	2.60564e+02	1.10500e+03	9.39897e-01	2.58333e+02
1106	2.60902e+02	1.10600e+03	9.39849e-01	2.58667e+02
1107	2.61249e+02	1.10700e+03	9.39803e-01	2.59000e+02
1108	2.61584e+02	1.10800e+03	9.39760e-01	2.59333e+02
1109	2.61928e+02	1.10900e+03	9.39714e-01	2.59667e+02
1110	2.62273e+02	1.11000e+03	9.39664e-01	2.60000e+02
1111	2.62618e+02	1.11100e+03	9.39614e-01	2.60333e+02
1112	2.62951e+02	1.11200e+03	9.39560e-01	2.60667e+02
1113	2.63281e+02	1.11300e+03	9.39507e-01	2.61000e+02
1114	2.63623e+02	1.11400e+03	9.39455e-01	2.61333e+02
1115	2.63956e+02	1.11500e+03	9.39404e-01	2.61667e+02
1116	2.64288e+02	1.11600e+03	9.39353e-01	2.62000e+02
1117	2.64624e+02	1.11700e+03	9.39304e-01	2.62333e+02
1118	2.64958e+02	1.11800e+03	9.39256e-01	2.62667e+02
1119	2.65299e+02	1.11900e+03	9.39208e-01	2.63000e+02
1120	2.65640e+02	1.12000e+03	9.39165e-01	2.63333e+02
1121	2.65992e+02	1.12100e+03	9.39117e-01	2.63667e+02
1122	2.66329e+02	1.12200e+03	9.39066e-01	2.64000e+02
1123	2.66671e+02	1.12300e+03	9.39014e-01	2.64333e+02
1124	2.67005e+02	1.12400e+03	9.38957e-01	2.64667e+02
1125	2.67353e+02	1.12500e+03	9.38902e-01	2.65000e+02
1126	2.67677e+02	1.12600e+03	9.38846e-01	2.65333e+02
1127	2.68014e+02	1.12700e+03	9.38790e-01	2.65667e+02
1128	2.68350e+02	1.12800e+03	9.38732e-01	2.66000e+02
1129	2.68681e+02	1.12900e+03	9.38678e-01	2.66333e+02
1130	2.69021e+02	1.13000e+03	9.38625e-01	2.66667e+02
1131	2.69357e+02	1.13100e+03	9.38573e-01	2.67000e+02
1132	2.69707e+02	1.13200e+03	9.38524e-01	2.67333e+02
1133	2.70027e+02	1.13300e+03	9.38473e-01	2.67667e+02
1134	2.70370e+02	1.13400e+03	9.38419e-01	2.68000e+02
1135	2.70698e+02	1.13500e+03	9.38363e-01	2.68333e+02
1136	2.71033e+02	1.13600e+03	9.38303e-01	2.68667e+02
1137	2.71376e+02	1.13700e+03	9.38239e-01	2.69000e+02
1138	2.71703e+02	1.13800e+03	9.38171e-01	2.69333e+02
1139	2.72037e+02	1.13900e+03	9.38099e-01	2.69667e+02
1140	2.72372e+02	1.14000e+03	9.38017e-01	2.70000e+02
1141	2.72714e+02	1.14100e+03	9.37939e-01	2.70333e+02
1142	2.73050e+02	1.14200e+03	9.37862e-01	2.70667e+02
1143	2.73387e+02	1.14300e+03	9.37784e-01	2.71000e+02
1144	2.73724e+02	1.14400e+03	9.37708e-01	2.71333e+02
1145	2.74071e+02	1.14500e+03	9.37637e-01	2.71667e+02
1146	2.74403e+02	1.14600e+03	9.37569e-01	2.72000e+02
1147	2.74750e+02	1.14700e+03	9.37502e-01	2.72333e+02
1148	2.75092e+02	1.14800e+03	9.37441e-01	2.72667e+02
1149	2.75434e+02	1.14900e+03	9.37370e-01	2.73000e+02
1150	2.75765e+02	1.15000e+03	9.37294e-01	2.73333e+02
1151	2.76109e+02	1.15100e+03	9.37214e-01	2.73667e+02
1152	2.76444e+02	1.15200e+03	9.37116e-01	2.74000e+02
1153	2.76784e+02	1.15300e+03	9.37019e-01	2.74333e+02
1154	2.77126e+02	1.15400e+03	9.36918e-01	2.74667e+02
1155	2.77451e+02	1.15500e+03	9.36816e-01	2.75000e+02
1156	2.77788e+02	1.15600e+03	9.36694e-01	2.75333e+02
1157	2.78126e+02	1.15700e+03	9.36582e-01	2.75667e+02
1158	2.78462e+02	1.15800e+03	9.36470e-01	2.76000e+02
1159	2.78797e+02	1.15900e+03	9.36359e-01	2.76333e+02
1160	2.79131e+02	1.16000e+03	9.36245e-01	2.76667e+02
1161	2.79475e+02	1.16100e+03	9.36131e-01	2.77000e+02
1162	2.79807e+02	1.16200e+03	9.36017e-01	2.77333e+02
1163	2.80136e+02	1.16300e+03	9.35904e-01	2.77667e+02
1164	2.80487e+02	1.16400e+03	9.35790e-01	2.78000e+02
1165	2.80809e+02	1.16500e+03	9.35675e-01	2.78333e+02
1166	2.81155e+02	1.16600e+03	9.35557e-01	2.78667e+02
1167	2.81478e+02	1.16700e+03	9.35435e-01	2.79000e+02
1168	2.81821e+02	1.16800e+03	9.35306e-01	2.79333e+02
1169	2.82152e+02	1.16900e+03	9.35175e-01	2.79667e+02
1170	2.82502e+02	1.17000e+03	9.35039e-01	2.80000e+02
1171	2.82822e+02	1.17100e+03	9.34901e-01	2.80333e+02
1172	2.83163e+02	1.17200e+03	9.34748e-01	2.80667e+02
1173	2.83495e+02	1.17300e+03	9.34599e-01	2.81000e+02
1174	2.83835e+02	1.17400e+03	9.34450e-01	2.81333e+02
1175	2.84169e+02	1.17500e+03	9.34300e-01	2.81667e+02
1176	2.84507e+02	1.17600e+03	9.34145e-01	2.82000e+02
1177	2.84849e+02	1.17700e+03	9.33991e-01	2.82333e+02
1178	2.85177e+02	1.17800e+03	9.33838e-01	2.82667e+02
1179	2.85513e+02	1.17900e+03	9.33685e-01	2.83000e+02
1180	2.85842e+02	1.18000e+03	9.33532e-01	2.83333e+02
1181	2.86178e+02	1.18100e+03	9.33377e-01	2.83667e+02
1182	2.86520e+02	1.18200e+03	9.33218e-01	2.84000e+02
1183	2.86866e+02	1.18300e+03	9.33055e-01	2.84333e+02
1184	2.87183e+02	1.18400e+03	9.32882e-01	2.84667e+02
1185	2.87524e+02	1.18500e+03	9.32706e-01	2.85000e+02
1186	2.87854e+02	1.18600e+03	9.32523e-01	2.85333e+02
1187	2.88192e+02	1.18700e+03	9.32338e-01	2.85667e+02
1188	2.88504e+02	1.18800e+03	9.32132e-01	2.86000e+02
1189	2.88839e+02	1.18900e+03	9.31930e-01	2.86333e+02
1190	2.89166e+02	1.19000e+03	9.31725e-01	2.86667e+02
1191	2.89497e+02	1.19100e+03	9.31516e-01	2.87000e+02
1192	2.89835e+02	1.19200e+03	9.31292e-01	2.87333e+02
1193	2.90172e+02	1.19300e+03	9.31072e-01	2.87667e+02
1194	2.90499e+02	1.19400e+03	9.30851e-01	2.88000e+02
1195	2.90838e+02	1.19500e+03	9.30628e-01	2.88333e+02
1196	2.91167e+02	1.19600e+03	9.30393e-01	2.88667e+02
1197	2.91510e+02	1.19700e+03	9.30160e-01	2.89000e+02
1198	2.91849e+02	1.19800e+03	9.29924e-01	2.89333e+02
1199	2.92185e+02	1.19900e+03	9.29685e-01	2.89667e+02
1200	2.92512e+02	1.20000e+03	9.29431e-01	2.90000e+02
1201	2.92841e+02	1.20100e+03	9.29173e-01	2.90333e+02
1202	2.93159e+02	1.20200e+03	9.28909e-01	2.90667e+02
1203	2.93485e+02	1.20300e+03	9.28638e-01	2.91000e+02
1204	2.93824e+02	1.20400e+03	9.28340e-01	2.91333e+02
1205	2.94160e+02	1.20500e+03	9.28048e-01	2.91667e+02
1206	2.94498e+02	1.20600e+03	9.27752e-01	2.92000e+02
1207	2.94841e+02	1.20700e+03	9.27452e-01	2.92333e+02
1208	2.95187e+02	1.20800e+03	9.27132e-01	2.92667e+02
1209	2.95539e+02	1.20900e+03	9.26820e-01	2.93000e+02
1210	2.95876e+02	1.21000e+03	9.26506e-01	2.93333e+02
1211	2.96215e+02	1.21100e+03	9.26190e-01	2.93667e+02
1212	2.96555e+02	1.21200e+03	9.25865e-01	2.94000e+02
1213	2.96880e+02	1.21300e+03	9.25540e-01	2.94333e+02
1214	2.97224e+02	1.21400e+03	9.25213e-01	2.94667e+02
1215	2.97549e+02	1.21500e+03	9.24882e-01	2.95000e+02
1216	2.97885e+02	1.21600e+03	9.24539e-01	2.95333e+02
1217	2.98221e+02	1.21700e+03	9.24197e-01	2.95667e+02
1218	2.98551e+02	1.21800e+03	9.23849e-01	2.96000e+02
1219	2.98887e+02	1.21900e+03	9.23497e-01	2.96333e+02
1220	2.99217e+02	1.22000e+03	9.23126e-01	2.96667e+02
1221	2.99549e+02	1.22100e+03	9.22754e-01	2.97000e+02
1222	2.99885e+02	1.22200e+03	9.22375e-01	2.97333e+02
1223	3.00224e+02	1.22300e+03	9.21991e-01	2.97667e+02
1224	3.00548e+02	1.22400e+03	9.21579e-01	2.98000e+02
1225	3.00880e+02	1.22500e+03	9.21172e-01	2.98333e+02
1226	3.01221e+02	1.22600e+03	9.20761e-01	2.98667e+02
1227	3.01563e+02	1.22700e+03	9.20345e-01	2.99000e+02
1228	3.01880e+02	1.22800e+03	9.19905e-01	2.99333e+02
1229	3.02215e+02	1.22900e+03	9.19470e-01	2.99667e+02
1230	3.02533e+02	1.23000e+03	9.19032e-01	3.00000e+02
1231	3.02872e+02	1.23100e+03	9.18590e-01	3.00333e+02
1232	3.03206e+02	1.23200e+03	9.18133e-01	3.00667e+02
1233	3.03552e+02	1.23300e+03	9.17682e-01	3.01000e+02
1234	3.03912e+02	1.23400e+03	9.17231e-01	3.01333e+02
1235	3.04248e+02	1.23500e+03	9.16779e-01	3.01667e+02
1236	3.04588e+02	1.23600e+03	9.16322e-01	3.02000e+02
1237	3.04918e+02	1.23700e+03	9.15865e-01	3.02333e+02
1238	3.05250e+02	1.23800e+03	9.15407e-01	3.02667e+02
1239	3.05588e+02	1.23900e+03	9.14946e-01	3.03000e+02
1240	3.05932e+02	1.24000e+03	9.14478e-01	3.03333e+02
1241	3.06272e+02	1.24100e+03	9.14006e-01	3.03667e+02
1242	3.06615e+02	1.24200e+03	9.13530e-01	3.04000e+02
1243	3.06956e+02	1.24300e+03	9.13052e-01	3.04333e+02
1244	3.07293e+02	1.24400e+03	9.12559e-01	3.04667e+02
1245	3.07660e+02	1.24500e+03	9.12074e-01	3.05000e+02
1246	3.08006e+02	1.24600e+03	9.11589e-01	3.05333e+02
1247	3.08352e+02	1.24700e+03	9.11104e-01	3.05667e+02
1248	3.08699e+02	1.24800e+03	9.10615e-01	3.06000e+02
1249	3.09043e+02	1.24900e+03	9.10124e-01	3.06333e+02
1250	3.09378e+02	1.25000e+03	9.09629e-01	3.06667e+02
1251	3.09712e+02	1.25100e+03	9.09132e-01	3.07000e+02
1252	3.10055e+02	1.25200e+03	9.08621e-01	3.07333e+02
1253	3.10404e+02	1.25300e+03	9.08109e-01	3.07667e+02
1254	3.10746e+02	1.25400e+03	9.07594e-01	3.08000e+02
1255	3.11116e+02	1.25500e+03	9.07078e-01	3.08333e+02
1256	3.11464e+02	1.25600e+03	9.06548e-01	3.08667e+02
1257	3.11808e+02	1.25700e+03	9.06023e-01	3.09000e+02
1258	3.12130e+02	1.25800e+03	9.05499e-01	3.09333e+02
1259	3.12469e+02	1.25900e+03	9.04973e-01	3.09667e+02
1260	3.12802e+02	1.26000e+03	9.04449e-01	3.10000e+02
1261	3.13151e+02	1.26100e+03	9.03924e-01	3.10333e+02
1262	3.13487e+02	1.26200e+03	9.03399e-01	3.10667e+02
1263	3.13819e+02	1.26300e+03	9.02873e-01	3.11000e+02
1264	3.14176e+02	1.26400e+03	9.02347e-01	3.11333e+02
1265	3.14519e+02	1.26500e+03	9.01820e-01	3.11667e+02
1266	3.14868e+02	1.26600e+03	9.01292e-01	3.12000e+02
1267	3.15208e+02	1.26700e+03	9.00764e-01	3.12333e+02
1268	3.15539e+02	1.26800e+03	9.00234e-01	3.12667e+02
1269	3.15884e+02	1.26900e+03	8.99706e-01	3.13000e+02
1270	3.16212e+02	1.27000e+03	8.99179e-01	3.13333e+02
1271	3.16568e+02	1.27100e+03	8.98652e-01	3.13667e+02
1272	3.16905e+02	1.27200e+03	8.98125e-01	3.14000e+02
1273	3.17236e+02	1.27300e+03	8.97597e-01	3.14333e+02
1274	3.17558e+02	1.27400e+03	8.97068e-01	3.14667e+02
1275	3.17923e+02	1.27500e+03	8.96540e-01	3.15000e+02
1276	3.18280e+02	1.27600e+03	8.96011e-01	3.15333e+02
1277	3.18618e+02	1.27700e+03	8.95483e-01	3.15667e+02
1278	3.18950e+02	1.27800e+03	8.94955e-01	3.16000e+02
1279	3.19285e+02	1.27900e+03	8.94425e-01	3.16333e+02
1280	3.19612e+02	1.28000e+03	8.93894e-01	3.16667e+02
1281	3.19950e+02	1.28100e+03	8.93363e-01	3.17000e+02
1282	3.20273e+02	1.28200e+03	8.92828e-01	3.17333e+02
1283	3.20618e+02	1.28300e+03	8.92292e-01	3.17667e+02
1284	3.20972e+02	1.28400e+03	8.91744e-01	3.18000e+02
1285	3.21299e+02	1.28500e+03	8.91195e-01	3.18333e+02
1286	3.21641e+02	1.28600e+03	8.90642e-01	3.18667e+02
1287	3.21977e+02	1.28700e+03	8.90086e-01	3.19000e+02
1288	3.22308e+02	1.28800e+03	8.89509e-01	3.19333e+02
1289	3.22639e+02	1.28900e+03	8.88936e-01	3.19667e+02
1290	3.22976e+02	1.29000e+03	8.88358e-01	3.20000e+02
1291	3.23303e+02	1.29100e+03	8.87776e-01	3.20333e+02
1292	3.23626e+02	1.29200e+03	8.87172e-01	3.20667e+02
1293	3.23983e+02	1.29300e+03	8.86570e-01	3.21000e+02
1294	3.24328e+02	1.29400e+03	8.85964e-01	3.21333e+02
1295	3.24671e+02	1.29500e+03	8.85354e-01	3.21667e+02
1296	3.25000e+02	1.29600e+03	8.84725e-01	3.22000e+02
1297	3.25347e+02	1.29700e+03	8.84102e-01	3.22333e+02
1298	3.25678e+02	1.29800e+03	8.83479e-01	3.22667e+02
1299	3.26011e+02	1.29900e+03	8.82853e-01	3.23000e+02
1300	3.26362e+02	1.30000e+03	8.82211e-01	3.23333e+02
1301	3.26699e+02	1.30100e+03	8.81565e-01	3.23667e+02
1302	3.27026e+02	1.30200e+03	8.80909e-01	3.24000e+02
1303	3.27356e+02	1.30300e+03	8.80243e-01	3.24333e+02
1304	3.27681e+02	1.30400e+03	8.79533e-01	3.24667e+02
1305	3.28010e+02	1.30500e+03	8.78819e-01	3.25000e+02
1306	3.28348e+02	1.30600e+03	8.78090e-01	3.25333e+02
1307	3.28676e+02	1.30700e+03	8.77350e-01	3.25667e+02
1308	3.28994e+02	1.30800e+03	8.76549e-01	3.26000e+02
1309	3.29327e+02	1.30900e+03	8.75765e-01	3.26333e+02
1310	3.29672e+02	1.31000e+03	8.74975e-01	3.26667e+02
1311	3.30004e+02	1.31100e+03	8.74178e-01	3.27000e+02
1312	3.30328e+02	1.31200e+03	8.73345e-01	3.27333e+02
1313	3.30653e+02	1.31300e+03	8.72517e-01	3.27667e+02
1314	3.30992e+02	1.31400e+03	8.71681e-01	3.28000e+02
1315	3.31309e+02	1.31500e+03	8.70837e-01	3.28333e+02
1316	3.31635e+02	1.31600e+03	8.69951e-01	3.28667e+02
1317	3.31958e+02	1.31700e+03	8.69064e-01	3.29000e+02
1318	3.32284e+02	1.31800e+03	8.68161e-01	3.29333e+02
1319	3.32617e+02	1.31900e+03	8.67244e-01	3.29667e+02
1320	3.32951e+02	1.32000e+03	8.66261e-01	3.30000e+02
1321	3.33283e+02	1.32100e+03	8.65281e-01	3.30333e+02
1322	3.33621e+02	1.32200e+03	8.64283e-01	3.30667e+02
1323	3.33958e+02	1.32300e+03	8.63270e-01	3.31000e+02
1324	3.34288e+02	1.32400e+03	8.62177e-01	3.31333e+02
1325	3.34627e+02	1.32500e+03	8.61096e-01	3.31667e+02
1326	3.34955e+02	1.32600e+03	8.59999e-01	3.32000e+02
1327	3.35301e+02	1.32700e+03	8.58888e-01	3.32333e+02
1328	3.35646e+02	1.32800e+03	8.57699e-01	3.32667e+02
1329	3.35975e+02	1.32900e+03	8.56521e-01	3.33000e+02
1330	3.36311e+02	1.33000e+03	8.55326e-01	3.33333e+02
1331	3.36647e+02	1.33100e+03	8.54116e-01	3.33667e+02
1332	3.36989e+02	1.33200e+03	8.52829e-01	3.34000e+02
1333	3.37331e+02	1.33300e+03	8.51550e-01	3.34333e+02
1334	3.37666e+02	1.33400e+03	8.50256e-01	3.34667e+02
1335	3.38012e+02	1.33500e+03	8.48946e-01	3.35000e+02
1336	3.38338e+02	1.33600e+03	8.47555e-01	3.35333e+02
1337	3.38673e+02	1.33700e+03	8.46174e-01	3.35667e+02
1338	3.39013e+02	1.33800e+03	8.44775e-01	3.36000e+02
1339	3.39379e+02	1.33900e+03	8.43360e-01	3.36333e+02
1340	3.39729e+02	1.34000e+03	8.41858e-01	3.36667e+02
1341	3.40054e+02	1.34100e+03	8.40362e-01	3.37000e+02
1342	3.40390e+02	1.34200e+03	8.38843e-01	3.37333e+02
1343	3.40724e+02	1.34300e+03	8.37303e-01	3.37667e+02
1344	3.41069e+02	1.34400e+03	8.35657e-01	3.38000e+02
1345	3.41415e+02	1.34500e+03	8.34021e-01	3.38333e+02
1346	3.41740e+02	1.34600e+03	8.32358e-01	3.38667e+02
1347	3.42086e+02	1.34700e+03	8.30671e-01	3.39000e+02
1348	3.42426e+02	1.34800e+03	8.28862e-01	3.39333e+02
1349	3.42744e+02	1.34900e+03	8.27065e-01	3.39667e+02
1350	3.43073e+02	1.35000e+03	8.25240e-01	3.40000e+02
1351	3.43411e+02	1.35100e+03	8.23392e-01	3.40333e+02
1352	3.43738e+02	1.35200e+03	8.21417e-01	3.40667e+02
1353	3.44079e+02	1.35300e+03	8.19464e-01	3.41000e+02
1354	3.44398e+02	1.35400e+03	8.17489e-01	3.41333e+02
1355	3.44741e+02	1.35500e+03	8.15492e-01	3.41667e+02
1356	3.45083e+02	1.35600e+03	8.13379e-01	3.42000e+02
1357	3.45414e+02	1.35700e+03	8.11280e-01	3.42333e+02
1358	3.45746e+02	1.35800e+03	8.09154e-01	3.42667e+02
1359	3.46090e+02	1.35900e+03	8.07002e-01	3.43000e+02
1360	3.46422e+02	1.36000e+03	8.04726e-01	3.43333e+02
1361	3.46765e+02	1.36100e+03	8.02461e-01	3.43667e+02
1362	3.47091e+02	1.36200e+03	8.00167e-01	3.44000e+02
1363	3.47430e+02	1.36300e+03	7.97846e-01	3.44333e+02
1364	3.47775e+02	1.36400e+03	7.95385e-01	3.44667e+02
1365	3.48112e+02	1.36500e+03	7.92942e-01	3.45000e+02
1366	3.48437e+02	1.36600e+03	7.90466e-01	3.45333e+02
1367	3.48775e+02	1.36700e+03	7.87961e-01	3.45667e+02
1368	3.49104e+02	1.36800e+03	7.85314e-01	3.46000e+02
1369	3.49446e+02	1.36900e+03	7.82687e-01	3.46333e+02
1370	3.49787e+02	1.37000e+03	7.80030e-01	3.46667e+02
1371	3.50128e+02	1.37100e+03	7.77345e-01	3.47000e+02
1372	3.50474e+02	1.37200e+03	7.74516e-01	3.47333e+02
1373	3.50820e+02	1.37300e+03	7.71706e-01	3.47667e+02
1374	3.51152e+02	1.37400e+03	7.68862e-01	3.48000e+02
1375	3.51483e+02	1.37500e+03	7.65987e-01	3.48333e+02
1376	3.51833e+02	1.37600e+03	7.62964e-01	3.48667e+02
1377	3.52185e+02	1.37700e+03	7.59957e-01	3.49000e+02
1378	3.52539e+02	1.37800e+03	7.56917e-01	3.49333e+02
1379	3.52885e+02	1.37900e+03	7.53845e-01	3.49667e+02
1380	3.53252e+02	1.38000e+03	7.50617e-01	3.50000e+02
1381	3.53608e+02	1.38100e+03	7.47409e-01	3.50333e+02
1382	3.53979e+02	1.38200e+03	7.44168e-01	3.50667e+02
1383	3.54325e+02	1.38300e+03	7.40894e-01	3.51000e+02
1384	3.54684e+02	1.38400e+03	7.37466e-01	3.51333e+02
1385	3.55050e+02	1.38500e+03	7.34063e-01	3.51667e+02
1386	3.55395e+02	1.38600e+03	7.30631e-01	3.52000e+02
1387	3.55744e+02	1.38700e+03	7.27171e-01	3.52333e+02
1388	3.56141e+02	1.38800e+03	7.23561e-01	3.52667e+02
1389	3.56519e+02	1.38900e+03	7.19970e-01	3.53000e+02
1390	3.56862e+02	1.39000e+03	7.16346e-01	3.53333e+02
1391	3.57196e+02	1.39100e+03	7.12690e-01	3.53667e+02
1392	3.57569e+02	1.39200e+03	7.08877e-01	3.54000e+02
1393	3.57932e+02	1.39300e+03	7.05079e-01	3.54333e+02
1394	3.58286e+02	1.39400e+03	7.01247e-01	3.54667e+02
1395	3.58621e+02	1.39500e+03	6.97384e-01	3.55000e+02
1396	3.58965e+02	1.39600e+03	6.93354e-01	3.55333e+02
1397	3.59291e+02	1.39700e+03	6.89352e-01	3.55667e+02
1398	3.59642e+02	1.39800e+03	6.85321e-01	3.56000e+02
1399	3.59962e+02	1.39900e+03	6.81261e-01	3.56333e+02
1400	3.60275e+02	1.40000e+03	6.77052e-01	3.56667e+02
1401	3.60597e+02	1.40100e+03	6.72866e-01	3.57000e+02
1402	3.60920e+02	1.40200e+03	6.68654e-01	3.57333e+02
1403	3.61252e+02	1.40300e+03	6.64415e-01	3.57667e+02
1404	3.61579e+02	1.40400e+03	6.60040e-01	3.58000e+02
1405	3.61932e+02	1.40500e+03	6.55686e-01	3.58333e+02
1406	3.62267e+02	1.40600e+03	6.51305e-01	3.58667e+02
1407	3.62611e+02	1.40700e+03	6.46898e-01	3.59000e+02
1408	3.62974e+02	1.40800e+03	6.42355e-01	3.59333e+02
1409	3.63319e+02	1.40900e+03	6.37825e-01	3.59667e+02
1410	3.63683e+02	1.41000e+03	6.33263e-01	3.60000e+02
1411	3.64036e+02	1.41100e+03	6.28674e-01	3.60333e+02
1412	3.64379e+02	1.41200e+03	6.23943e-01	3.60667e+02
1413	3.64785e+02	1.41300e+03	6.19236e-01	3.61000e+02
1414	3.65128e+02	1.41400e+03	6.14505e-01	3.61333e+02
1415	3.65456e+02	1.41500e+03	6.09751e-01	3.61667e+02
1416	3.65784e+02	1.41600e+03	6.04879e-01	3.62000e+02
1417	3.66121e+02	1.41700e+03	6.00027e-01	3.62333e+02
1418	3.66433e+02	1.41800e+03	5.95152e-01	3.62667e+02
1419	3.66730e+02	1.41900e+03	5.90258e-01	3.63000e+02
1420	3.67053e+02	1.42000e+03	5.85256e-01	3.63333e+02
1421	3.67385e+02	1.42100e+03	5.80266e-01	3.63667e+02
1422	3.67711e+02	1.42200e+03	5.75251e-01	3.64000e+02
1423	3.68040e+02	1.42300e+03	5.70212e-01	3.64333e+02
1424	3.68386e+02	1.42400e+03	5.65050e-01	3.64667e+02
1425	3.68725e+02	1.42500e+03	5.59899e-01	3.65000e+02
1426	3.69063e+02	1.42600e+03	5.54719e-01	3.65333e+02
1427	3.69402e+02	1.42700e+03	5.49514e-01	3.65667e+02
1428	3.69723e+02	1.42800e+03	5.44184e-01	3.66000e+02
1429	3.70045e+02	1.42900e+03	5.38881e-01	3.66333e+02
1430	3.70368e+02	1.43000e+03	5.33564e-01	3.66667e+02
1431	3.70708e+02	1.43100e+03	5.28230e-01	3.67000e+02
1432	3.71035e+02	1.43200e+03	5.22807e-01	3.67333e+02
1433	3.71359e+02	1.43300e+03	5.17405e-01	3.67667e+02
1434	3.71698e+02	1.43400e+03	5.11990e-01	3.68000e+02
1435	3.72046e+02	1.43500e+03	5.06562e-01	3.68333e+02
1436	3.72394e+02	1.43600e+03	5.01072e-01	3.68667e+02
1437	3.72749e+02	1.43700e+03	4.95595e-01	3.69000e+02
1438	3.73077e+02	1.43800e+03	4.90112e-01	3.69333e+02
1439	3.73423e+02	1.43900e+03	4.84623e-01	3.69667e+02
1440	3.73762e+02	1.44000e+03	4.79092e-01	3.70000e+02
1441	3.74087e+02	1.44100e+03	4.73576e-01	3.70333e+02
1442	3.74424e+02	1.44200e+03	4.68058e-01	3.70667e+02
1443	3.74763e+02	1.44300e+03	4.62536e-01	3.71000e+02
1444	3.75103e+02	1.44400e+03	4.56996e-01	3.71333e+02
1445	3.75438e+02	1.44500e+03	4.51459e-01	3.71667e+02
1446	3.75783e+02	1.44600e+03	4.45918e-01	3.72000e+02
1447	3.76106e+02	1.44700e+03	4.40374e-01	3.72333e+02
1448	3.76447e+02	1.44800e+03	4.34812e-01	3.72667e+02
1449	3.76779e+02	1.44900e+03	4.29251e-01	3.73000e+02
1450	3.77100e+02	1.45000e+03	4.23680e-01	3.73333e+02
1451	3.77444e+02	1.45100e+03	4.18099e-01	3.73667e+02
1452	3.77772e+02	1.45200e+03	4.12468e-01	3.74000e+02
1453	3.78098e+02	1.45300e+03	4.06821e-01	3.74333e+02
1454	3.78430e+02	1.45400e+03	4.01148e-01	3.74667e+02
1455	3.78780e+02	1.45500e+03	3.95455e-01	3.75000e+02
1456	3.79119e+02	1.45600e+03	3.89665e-01	3.75333e+02
1457	3.79461e+02	1.45700e+03	3.83903e-01	3.75667e+02
1458	3.79787e+02	1.45800e+03	3.78138e-01	3.76000e+02
1459	3.80127e+02	1.45900e+03	3.72370e-01	3.76333e+02
1460	3.80455e+02	1.46000e+03	3.66567e-01	3.76667e+02
1461	3.80789e+02	1.46100e+03	3.60797e-01	3.77000e+02
1462	3.81115e+02	1.46200e+03	3.55045e-01	3.77333e+02
1463	3.81465e+02	1.46300e+03	3.49306e-01	3.77667e+02
1464	3.81839e+02	1.46400e+03	3.43625e-01	3.78000e+02
1465	3.82190e+02	1.46500e+03	3.37947e-01	3.78333e+02
1466	3.82564e+02	1.46600e+03	3.32291e-01	3.78667e+02
1467	3.82945e+02	1.46700e+03	3.26651e-01	3.79000e+02
1468	3.83306e+02	1.46800e+03	3.21103e-01	3.79333e+02
1469	3.83647e+02	1.46900e+03	3.15539e-01	3.79667e+02
1470	3.83985e+02	1.47000e+03	3.09990e-01	3.80000e+02
1471	3.84315e+02	1.47100e+03	3.04457e-01	3.80333e+02
1472	3.84660e+02	1.47200e+03	2.99011e-01	3.80667e+02
1473	3.84992e+02	1.47300e+03	2.93552e-01	3.81000e+02
1474	3.85331e+02	1.47400e+03	2.88112e-01	3.81333e+02
1475	3.85691e+02	1.47500e+03	2.82691e-01	3.81667e+02
1476	3.86031e+02	1.47600e+03	2.77360e-01	3.82000e+02
1477	3.86388e+02	1.47700e+03	2.72026e-01	3.82333e+02
1478	3.86749e+02	1.47800e+03	2.66717e-01	3.82667e+02
1479	3.87081e+02	1.47900e+03	2.61433e-01	3.83000e+02
1480	3.87417e+02	1.48000e+03	2.56271e-01	3.83333e+02
1481	3.87776e+02	1.48100e+03	2.51104e-01	3.83667e+02
1482	3.88118e+02	1.48200e+03	2.45969e-01	3.84000e+02
1483	3.88457e+02	1.48300e+03	2.40862e-01	3.84333e+02
1484	3.88828e+02	1.48400e+03	2.35906e-01	3.84667e+02
1485	3.89211e+02	1.48500e+03	2.30929e-01	3.85000e+02
1486	3.89612e+02	1.48600e+03	2.25981e-01	3.85333e+02
1487	3.89947e+02	1.48700e+03	2.21059e-01	3.85667e+02
1488	3.90297e+02	1.48800e+03	2.16281e-01	3.86000e+02
1489	3.90674e+02	1.48900e+03	2.11483e-01	3.86333e+02
1490	3.90999e+02	1.49000e+03	2.06720e-01	3.86667e+02
1491	3.91298e+02	1.49100e+03	2.01988e-01	3.87000e+02
1492	3.91663e+02	1.49200e+03	1.97414e-01	3.87333e+02
1493	3.92032e+02	1.49300e+03	1.92835e-01	3.87667e+02
1494	3.92371e+02	1.49400e+03	1.88299e-01	3.88000e+02
1495	3.92750e+02	1.49500e+03	1.83800e-01	3.88333e+02
1496	3.93070e+02	1.49600e+03	1.79494e-01	3.88667e+02
1497	3.93408e+02	1.49700e+03	1.75159e-01	3.89000e+02
1498	3.93744e+02	1.49800e+03	1.70861e-01	3.89333e+02
1499	3.94014e+02	1.49900e+03	1.66598e-01	3.89667e+02
1500	3.94362e+02	1.50000e+03	1.62515e-01	3.90000e+02
1501	3.94763e+02	1.50100e+03	1.58405e-01	3.90333e+02
1502	3.95033e+02	1.50200e+03	1.54330e-01	3.90667e+02
1503	3.95297e+02	1.50300e+03	1.50288e-01	3.91000e+02
1504	3.95593e+02	1.50400e+03	1.46415e-01	3.91333e+02
1505	3.95913e+02	1.50500e+03	1.42522e-01	3.91667e+02
1506	3.96191e+02	1.50600e+03	1.38671e-01	3.92000e+02
1507	3.96505e+02	1.50700e+03	1.34858e-01	3.92333e+02
1508	3.96841e+02	1.50800e+03	1.31232e-01	3.92667e+02
1509	3.97161e+02	1.50900e+03	1.27590e-01	3.93000e+02
1510	3.97456e+02	1.51000e+03	1.23992e-01	3.93333e+02
1511	3.97763e+02	1.51100e+03	1.20434e-01	3.93667e+02
1512	3.98071e+02	1.51200e+03	1.17081e-01	3.94000e+02
1513	3.98393e+02	1.51300e+03	1.13691e-01	3.94333e+02
1514	3.98712e+02	1.51400e+03	1.10339e-01	3.94667e+02
1515	3.99028e+02	1.51500e+03	1.07025e-01	3.95000e+02
1516	3.99364e+02	1.51600e+03	1.03896e-01	3.95333e+02
1517	3.99687e+02	1.51700e+03	1.00745e-01	3.95667e+02
1518	4.00027e+02	1.51800e+03	9.76347e-02	3.96000e+02
1519	4.00355e+02	1.51900e+03	9.45613e-02	3.96333e+02
1520	4.00700e+02	1.52000e+03	9.16783e-02	3.96667e+02
1521	4.01034e+02	1.52100e+03	8.87684e-02	3.97000e+02
1522	4.01381e+02	1.52200e+03	8.58965e-02	3.97333e+02
1523	4.01717e+02	1.52300e+03	8.30602e-02	3.97667e+02
1524	4.02064e+02	1.52400e+03	8.04113e-02	3.98000e+02
1525	4.02400e+02	1.52500e+03	7.77359e-02	3.98333e+02
1526	4.02720e+02	1.52600e+03	7.50981e-02	3.98667e+02
1527	4.03074e+02	1.52700e+03	7.24945e-02	3.99000e+02
1528	4.03438e+02	1.52800e+03	7.00631e-02	3.99333e+02
1529	4.03776e+02	1.52900e+03	6.76012e-02	3.99667e+02
1530	4.04216e+02	1.53000e+03	6.51705e-02	4.00000e+02
1531	4.04598e+02	1.53100e+03	6.27702e-02	4.00333e+02
1532	4.05001e+02	1.53200e+03	6.05251e-02	4.00667e+02
1533	4.05403e+02	1.53300e+03	5.82625e-02	4.01000e+02
1534	4.05760e+02	1.53400e+03	5.60373e-02	4.01333e+02
1535	4.06157e+02	1.53500e+03	5.38464e-02	4.01667e+02
1536	4.06459e+02	1.53600e+03	5.18209e-02	4.02000e+02
1537	4.06766e+02	1.53700e+03	4.97731e-02	4.02333e+02
1538	4.07115e+02	1.53800e+03	4.77575e-02	4.02667e+02
1539	4.07477e+02	1.53900e+03	4.57711e-02	4.03000e+02
1540	4.07874e+02	1.54000e+03	4.39411e-02	4.03333e+02
1541	4.08228e+02	1.54100e+03	4.20800e-02	4.03667e+02
1542	4.08579e+02	1.54200e+03	4.02444e-02	4.04000e+02
1543	4.08966e+02	1.54300e+03	3.84350e-02	4.04333e+02
1544	4.09323e+02	1.54400e+03	3.67592e-02	4.04667e+02
1545	4.09667e+02	1.54500e+03	3.50688e-02	4.05000e+02
1546	4.10022e+02	1.54600e+03	3.34072e-02	4.05333e+02
1547	4.10341e+02	1.54700e+03	3.17716e-02	4.05667e+02
1548	4.10716e+02	1.54800e+03	3.02724e-02	4.06000e+02
1549	4.11082e+02	1.54900e+03	2.87518e-02	4.06333e+02
1550	4.11394e+02	1.55000e+03	2.72556e-02	4.06667e+02
1551	4.11708e+02	1.55100e+03	2.57826e-02	4.07000e+02
1552	4.12051e+02	1.55200e+03	2.44361e-02	4.07333e+02
1553	4.12365e+02	1.55300e+03	2.30739e-02	4.07667e+02
1554	4.12645e+02	1.55400e+03	2.17390e-02	4.08000e+02
1555	4.12933e+02	1.55500e+03	2.04296e-02	4.08333e+02
1556	4.13227e+02	1.55600e+03	1.92473e-02	4.08667e+02
1557	4.13575e+02	1.55700e+03	1.80486e-02	4.09000e+02
1558	4.13898e+02	1.55800e+03	1.68760e-02	4.09333e+02
1559	4.14241e+02	1.55900e+03	1.57271e-02	4.09667e+02
1560	4.14582e+02	1.56000e+03	1.47032e-02	4.10000e+02
1561	4.14900e+02	1.56100e+03	1.36593e-02	4.10333e+02
1562	4.15233e+02	1.56200e+03	1.26375e-02	4.10667e+02
1563	4.15557e+02	1.56300e+03	1.16364e-02	4.11000e+02
1564	4.15860e+02	1.56400e+03	1.07431e-02	4.11333e+02
1565	4.16180e+02	1.56500e+03	9.82954e-03	4.11667e+02
1566	4.16495e+02	1.56600e+03	8.93375e-03	4.12000e+02
1567	4.16832e+02	1.56700e+03	8.05558e-03	4.12333e+02
1568	4.17167e+02	1.56800e+03	7.26424e-03	4.12667e+02
1569	4.17512e+02	1.56900e+03	6.45722e-03	4.13000e+02
1570	4.17866e+02	1.57000e+03	5.66466e-03	4.13333e+02
1571	4.18198e+02	1.57100e+03	4.88590e-03	4.13667e+02
1572	4.18512e+02	1.57200e+03	4.18004e-03	4.14000e+02
1573	4.18813e+02	1.57300e+03	3.46409e-03	4.14333e+02
1574	4.19136e+02	1.57400e+03	2.76562e-03	4.14667e+02
1575	4.19426e+02	1.57500e+03	2.08392e-03	4.15000e+02
1576	4.19708e+02	1.57600e+03	1.47876e-03	4.15333e+02
1577	4.20020e+02	1.57700e+03	8.66029e-04	4.15667e+02
1578	4.20326e+02	1.57800e+03	2.70005e-04	4.16000e+02
1579	4.20633e+02	1.57900e+03	-3.11722e-04	4.16333e+02
1580	4.20964e+02	1.58000e+03	-8.17354e-04	4.16667e+02
1581	4.21276e+02	1.58100e+03	-1.34367e-03	4.17000e+02
1582	4.21598e+02	1.58200e+03	-1.86386e-03	4.17333e+02
1583	4.21939e+02	1.58300e+03	-2.37594e-03	4.17667e+02
1584	4.22265e+02	1.58400e+03	-2.84597e-03	4.18000e+02
1585	4.22612e+02	1.58500e+03	-3.32783e-03	4.18333e+02
1586	4.22932e+02	1.58600e+03	-3.80560e-03	4.18667e+02
1587	4.23235e+02	1.58700e+03	-4.27764e-03	4.19000e+02
1588	4.23543e+02	1.58800e+03	-4.71753e-03	4.19333e+02
1589	4.23849e+02	1.58900e+03	-5.15438e-03	4.19667e+02
1590	4.24177e+02	1.59000e+03	-5.57689e-03	4.20000e+02
1591	4.24549e+02	1.59100e+03	-5.98724e-03	4.20333e+02
1592	4.24872e+02	1.59200e+03	-6.33939e-03	4.20667e+02
1593	4.25175e+02	1.59300e+03	-6.69418e-03	4.21000e+02
1594	4.25457e+02	1.59400e+03	-7.03566e-03	4.21333e+02
1595	4.25790e+02	1.59500e+03	-7.36608e-03	4.21667e+02
1596	4.26132e+02	1.59600e+03	-7.63317e-03	4.22000e+02
1597	4.26492e+02	1.59700e+03	-7.91898e-03	4.22333e+02
1598	4.26806e+02	1.59800e+03	-8.20173e-03	4.22667e+02
1599	4.27158e+02	1.59900e+03	-8.47968e-03	4.23000e+02
1600	4.27490e+02	1.60000e+03	-8.72761e-03	4.23333e+02
1601	4.27887e+02	1.60100e+03	-8.98266e-03	4.23667e+02
1602	4.28313e+02	1.60200e+03	-9.23309e-03	4.24000e+02
1603	4.28659e+02	1.60300e+03	-9.47883e-03	4.24333e+02
1604	4.28982e+02	1.60400e+03	-9.69986e-03	4.24667e+02
1605	4.29251e+02	1.60500e+03	-9.91911e-03	4.25000e+02
1606	4.29545e+02	1.60600e+03	-1.01308e-02	4.25333e+02
1607	4.29815e+02	1.60700e+03	-1.03363e-02	4.25667e+02
1608	4.30118e+02	1.60800e+03	-1.05106e-02	4.26000e+02
1609	4.30406e+02	1.60900e+03	-1.06919e-02	4.26333e+02
1610	4.30674e+02	1.61000e+03	-1.08679e-02	4.26667e+02
1611	4.30965e+02	1.61100e+03	-1.10399e-02	4.27000e+02
1612	4.31248e+02	1.61200e+03	-1.11932e-02	4.27333e+02
1613	4.31539e+02	1.61300e+03	-1.13511e-02	4.27667e+02
1614	4.31894e+02	1.61400e+03	-1.15083e-02	4.28000e+02
1615	4.32206e+02	1.61500e+03	-1.16645e-02	4.28333e+02
1616	4.32511e+02	1.61600e+03	-1.18104e-02	4.28667e+02
1617	4.32839e+02	1.61700e+03	-1.19600e-02	4.29000e+02
1618	4.33159e+02	1.61800e+03	-1.21077e-02	4.29333e+02
1619	4.33433e+02	1.61900e+03	-1.22527e-02	4.29667e+02
1620	4.33716e+02	1.62000e+03	-1.23879e-02	4.30000e+02
1621	4.33984e+02	1.62100e+03	-1.25216e-02	4.30333e+02
1622	4.34286e+02	1.62200e+03	-1.26511e-02	4.30667e+02
1623	4.34579e+02	1.62300e+03	-1.27766e-02	4.31000e+02
1624	4.34886e+02	1.62400e+03	-1.28804e-02	4.31333e+02
1625	4.35202e+02	1.62500e+03	-1.29879e-02	4.31667e+02
1626	4.35507e+02	1.62600e+03	-1.30938e-02	4.32000e+02
1627	4.35829e+02	1.62700e+03	-1.31964e-02	4.32333e+02
1628	4.36137e+02	1.62800e+03	-1.32799e-02	4.32667e+02
1629	4.36455e+02	1.62900e+03	-1.33692e-02	4.33000e+02
1630	4.36775e+02	1.63000e+03	-1.34558e-02	4.33333e+02
1631	4.37084e+02	1.63100e+03	-1.35388e-02	4.33667e+02
1632	4.37391e+02	1.63200e+03	-1.36097e-02	4.34000e+02
1633	4.37678e+02	1.63300e+03	-1.36831e-02	4.34333e+02
1634	4.37984e+02	1.63400e+03	-1.37555e-02	4.34667e+02
1635	4.38288e+02	1.63500e+03	-1.38268e-02	4.35000e+02
1636	4.38597e+02	1.63600e+03	-1.38905e-02	4.35333e+02
1637	4.38908e+02	1.63700e+03	-1.39597e-02	4.35667e+02
1638	4.39220e+02	1.63800e+03	-1.40282e-02	4.36000e+02
1639	4.39524e+02	1.63900e+03	-1.40945e-02	4.36333e+02
1640	4.39830e+02	1.64000e+03	-1.41511e-02	4.36667e+02
1641	4.40143e+02	1.64100e+03	-1.42009e-02	4.37000e+02
1642	4.40469e+02	1.64200e+03	-1.42439e-02	4.37333e+02
1643	4.40771e+02	1.64300e+03	-1.42826e-02	4.37667e+02
1644	4.41074e+02	1.64400e+03	-1.42976e-02	4.38000e+02
1645	4.41379e+02	1.64500e+03	-1.43224e-02	4.38333e+02
1646	4.41682e+02	1.64600e+03	-1.43479e-02	4.38667e+02
1647	4.42003e+02	1.64700e+03	-1.43727e-02	4.39000e+02
1648	4.42310e+02	1.64800e+03	-1.43934e-02	4.39333e+02
1649	4.42627e+02	1.64900e+03	-1.44182e-02	4.39667e+02
1650	4.42935e+02	1.65000e+03	-1.44447e-02	4.40000e+02
1651	4.43253e+02	1.65100e+03	-1.44728e-02	4.40333e+02
1652	4.43574e+02	1.65200e+03	-1.45072e-02	4.40667e+02
1653	4.43885e+02	1.65300e+03	-1.45396e-02	4.41000e+02
1654	4.44199e+02	1.65400e+03	-1.45710e-02	4.41333e+02
1655	4.44521e+02	1.65500e+03	-1.46010e-02	4.41667e+02
1656	4.44825e+02	1.65600e+03	-1.46270e-02	4.42000e+02
1657	4.45150e+02	1.65700e+03	-1.46471e-02	4.42333e+02
1658	4.45470e+02	1.65800e+03	-1.46619e-02	4.42667e+02
1659	4.45785e+02	1.65900e+03	-1.46732e-02	4.43000e+02
1660	4.46109e+02	1.66000e+03	-1.46676e-02	4.43333e+02
1661	4.46432e+02	1.66100e+03	-1.46684e-02	4.43667e+02
1662	4.46747e+02	1.66200e+03	-1.46697e-02	4.44000e+02
1663	4.47067e+02	1.66300e+03	-1.46710e-02	4.44333e+02
1664	4.47381e+02	1.66400e+03	-1.46704e-02	4.44667e+02
1665	4.47711e+02	1.66500e+03	-1.46745e-02	4.45000e+02
1666	4.48034e+02	1.66600e+03	-1.46815e-02	4.45333e+02
1667	4.48362e+02	1.66700e+03	-1.46896e-02	4.45667e+02
1668	4.48692e+02	1.66800e+03	-1.47056e-02	4.46000e+02
1669	4.49019e+02	1.66900e+03	-1.47186e-02	4.46333e+02
1670	4.49344e+02	1.67000e+03	-1.47320e-02	4.46667e+02
1671	4.49667e+02	1.67100e+03	-1.47465e-02	4.47000e+02
1672	4.49988e+02	1.67200e+03	-1.47654e-02	4.47333e+02
1673	4.50311e+02	1.67300e+03	-1.47843e-02	4.47667e+02
1674	4.50638e+02	1.67400e+03	-1.48041e-02	4.48000e+02
1675	4.50965e+02	1.67500e+03	-1.48243e-02	4.48333e+02
1676	4.51286e+02	1.67600e+03	-1.48460e-02	4.48667e+02
1677	4.51606e+02	1.67700e+03	-1.48651e-02	4.49000e+02
1678	4.51928e+02	1.67800e+03	-1.48824e-02	4.49333e+02
1679	4.52250e+02	1.67900e+03	-1.48981e-02	4.49667e+02
1680	4.52574e+02	1.68000e+03	-1.49053e-02	4.50000e+02
1681	4.52904e+02	1.68100e+03	-1.49126e-02	4.50333e+02
1682	4.53196e+02	1.68200e+03	-1.49191e-02	4.50667e+02
1683	4.53477e+02	1.68300e+03	-1.49256e-02	4.51000e+02
1684	4.53752e+02	1.68400e+03	-1.49283e-02	4.51333e+02
1685	4.53996e+02	1.68500e+03	-1.49371e-02	4.51667e+02
1686	4.54264e+02	1.68600e+03	-1.49488e-02	4.52000e+02
1687	4.54544e+02	1.68700e+03	-1.49616e-02	4.52333e+02
1688	4.54822e+02	1.68800e+03	-1.49788e-02	4.52667e+02
1689	4.55117e+02	1.68900e+03	-1.49893e-02	4.53000e+02
1690	4.55416e+02	1.69000e+03	-1.49951e-02	4.53333e+02
1691	4.55723e+02	1.69100e+03	-1.49980e-02	4.53667e+02
1692	4.56036e+02	1.69200e+03	-1.49889e-02	4.54000e+02
1693	4.56350e+02	1.69300e+03	-1.49808e-02	4.54333e+02
1694	4.56661e+02	1.69400e+03	-1.49715e-02	4.54667e+02
1695	4.56977e+02	1.69500e+03	-1.49615e-02	4.55000e+02
1696	4.57300e+02	1.69600e+03	-1.49429e-02	4.55333e+02
1697	4.57622e+02	1.69700e+03	-1.49306e-02	4.55667e+02
1698	4.57946e+02	1.69800e+03	-1.49208e-02	4.56000e+02
1699	4.58267e+02	1.69900e+03	-1.49125e-02	4.56333e+02
1700	4.58586e+02	1.70000e+03	-1.49132e-02	4.56667e+02
1701	4.58909e+02	1.70100e+03	-1.49134e-02	4.57000e+02
1702	4.59235e+02	1.70200e+03	-1.49149e-02	4.57333e+02
1703	4.59560e+02	1.70300e+03	-1.49177e-02	4.57667e+02
1704	4.59877e+02	1.70400e+03	-1.49271e-02	4.58000e+02
1705	4.60207e+02	1.70500e+03	-1.49314e-02	4.58333e+02
1706	4.60524e+02	1.70600e+03	-1.49337e-02	4.58667e+02
1707	4.60850e+02	1.70700e+03	-1.49353e-02	4.59000e+02
1708	4.61172e+02	1.70800e+03	-1.49340e-02	4.59333e+02
1709	4.61493e+02	1.70900e+03	-1.49348e-02	4.59667e+02
1710	4.61824e+02	1.71000e+03	-1.49372e-02	4.60000e+02
1711	4.62138e+02	1.71100e+03	-1.49409e-02	4.60333e+02
1712	4.62459e+02	1.71200e+03	-1.49505e-02	4.60667e+02
1713	4.62781e+02	1.71300e+03	-1.49621e-02	4.61000e+02
1714	4.63117e+02	1.71400e+03	-1.49754e-02	4.61333e+02
1715	4.63436e+02	1.71500e+03	-1.49897e-02	4.61667e+02
1716	4.63761e+02	1.71600e+03	-1.50141e-02	4.62000e+02
1717	4.64076e+02	1.71700e+03	-1.50330e-02	4.62333e+02
1718	4.64413e+02	1.71800e+03	-1.50496e-02	4.62667e+02
1719	4.64736e+02	1.71900e+03	-1.50647e-02	4.63000e+02
1720	4.65059e+02	1.72000e+03	-1.50755e-02	4.63333e+02
1721	4.65382e+02	1.72100e+03	-1.50856e-02	4.63667e+02
1722	4.65713e+02	1.72200e+03	-1.50937e-02	4.64000e+02
1723	4.66042e+02	1.72300e+03	-1.51001e-02	4.64333e+02
1724	4.66358e+02	1.72400e+03	-1.50988e-02	4.64667e+02
1725	4.66680e+02	1.72500e+03	-1.51006e-02	4.65000e+02
1726	4.67013e+02	1.72600e+03	-1.51029e-02	4.65333e+02
1727	4.67345e+02	1.72700e+03	-1.51056e-02	4.65667e+02
1728	4.67665e+02	1.72800e+03	-1.51120e-02	4.66000e+02
1729	4.67979e+02	1.72900e+03	-1.51240e-02	4.66333e+02
1730	4.68318e+02	1.73000e+03	-1.51402e-02	4.66667e+02
1731	4.68642e+02	1.73100e+03	-1.51576e-02	4.67000e+02
1732	4.68959e+02	1.73200e+03	-1.51834e-02	4.67333e+02
1733	4.69271e+02	1.73300e+03	-1.52024e-02	4.67667e+02
1734	4.69606e+02	1.73400e+03	-1.52188e-02	4.68000e+02
1735	4.69944e+02	1.73500e+03	-1.52336e-02	4.68333e+02
1736	4.70263e+02	1.73600e+03	-1.52382e-02	4.68667e+02
1737	4.70581e+02	1.73700e+03	-1.52416e-02	4.69000e+02
1738	4.70903e+02	1.73800e+03	-1.52412e-02	4.69333e+02
1739	4.71226e+02	1.73900e+03	-1.52383e-02	4.69667e+02
1740	4.71553e+02	1.74000e+03	-1.52209e-02	4.70000e+02
1741	4.71877e+02	1.74100e+03	-1.52084e-02	4.70333e+02
1742	4.72197e+02	1.74200e+03	-1.51961e-02	4.70667e+02
1743	4.72529e+02	1.74300e+03	-1.51829e-02	4.71000e+02
1744	4.72847e+02	1.74400e+03	-1.51644e-02	4.71333e+02
1745	4.73174e+02	1.74500e+03	-1.51497e-02	4.71667e+02
1746	4.73491e+02	1.74600e+03	-1.51366e-02	4.72000e+02
1747	4.73820e+02	1.74700e+03	-1.51242e-02	4.72333e+02
1748	4.74138e+02	1.74800e+03	-1.51172e-02	4.72667e+02
1749	4.74459e+02	1.74900e+03	-1.51117e-02	4.73000e+02
1750	4.74784e+02	1.75000e+03	-1.51090e-02	4.73333e+02
1751	4.75104e+02	1.75100e+03	-1.51086e-02	4.73667e+02
1752	4.75431e+02	1.75200e+03	-1.51179e-02	4.74000e+02
1753	4.75763e+02	1.75300e+03	-1.51258e-02	4.74333e+02
1754	4.76076e+02	1.75400e+03	-1.51375e-02	4.74667e+02
1755	4.76410e+02	1.75500e+03	-1.51525e-02	4.75000e+02
1756	4.76727e+02	1.75600e+03	-1.51805e-02	4.75333e+02
1757	4.77063e+02	1.75700e+03	-1.52074e-02	4.75667e+02
1758	4.77380e+02	1.75800e+03	-1.52340e-02	4.76000e+02
1759	4.77713e+02	1.75900e+03	-1.52601e-02	4.76333e+02
1760	4.78031e+02	1.76000e+03	-1.52936e-02	4.76667e+02
1761	4.78357e+02	1.76100e+03	-1.53202e-02	4.77000e+02
1762	4.78684e+02	1.76200e+03	-1.53440e-02	4.77333e+02
1763	4.79011e+02	1.76300e+03	-1.53663e-02	4.77667e+02
1764	4.79342e+02	1.76400e+03	-1.53780e-02	4.78000e+02
1765	4.79663e+02	1.76500e+03	-1.53918e-02	4.78333e+02
1766	4.79995e+02	1.76600e+03	-1.54038e-02	4.78667e+02
1767	4.80322e+02	1.76700e+03	-1.54144e-02	4.79000e+02
1768	4.80648e+02	1.76800e+03	-1.54172e-02	4.79333e+02
1769	4.80979e+02	1.76900e+03	-1.54223e-02	4.79667e+02
1770	4.81308e+02	1.77000e+03	-1.54275e-02	4.80000e+02
1771	4.81639e+02	1.77100e+03	-1.54324e-02	4.80333e+02
1772	4.81956e+02	1.77200e+03	-1.54324e-02	4.80667e+02
1773	4.82286e+02	1.77300e+03	-1.54329e-02	4.81000e+02
1774	4.82616e+02	1.77400e+03	-1.54315e-02	4.81333e+02
1775	4.82954e+02	1.77500e+03	-1.54283e-02	4.81667e+02
1776	4.83282e+02	1.77600e+03	-1.54175e-02	4.82000e+02
1777	4.83606e+02	1.77700e+03	-1.54067e-02	4.82333e+02
1778	4.83929e+02	1.77800e+03	-1.53954e-02	4.82667e+02
1779	4.84263e+02	1.77900e+03	-1.53842e-02	4.83000e+02
1780	4.84588e+02	1.78000e+03	-1.53680e-02	4.83333e+02
1781	4.84923e+02	1.78100e+03	-1.53575e-02	4.83667e+02
1782	4.85255e+02	1.78200e+03	-1.53502e-02	4.84000e+02
1783	4.85575e+02	1.78300e+03	-1.53444e-02	4.84333e+02
1784	4.85905e+02	1.78400e+03	-1.53464e-02	4.84667e+02
1785	4.86241e+02	1.78500e+03	-1.53461e-02	4.85000e+02
1786	4.86561e+02	1.78600e+03	-1.53457e-02	4.85333e+02
1787	4.86877e+02	1.78700e+03	-1.53451e-02	4.85667e+02
1788	4.87213e+02	1.78800e+03	-1.53466e-02	4.86000e+02
1789	4.87534e+02	1.78900e+03	-1.53472e-02	4.86333e+02
1790	4.87866e+02	1.79000e+03	-1.53490e-02	4.86667e+02
1791	4.88196e+02	1.79100e+03	-1.53518e-02	4.87000e+02
1792	4.88519e+02	1.79200e+03	-1.53551e-02	4.87333e+02
1793	4.88849e+02	1.79300e+03	-1.53586e-02	4.87667e+02
1794	4.89180e+02	1.79400e+03	-1.53609e-02	4.88000e+02
1795	4.89505e+02	1.79500e+03	-1.53623e-02	4.88333e+02
1796	4.89834e+02	1.79600e+03	-1.53628e-02	4.88667e+02
1797	4.90159e+02	1.79700e+03	-1.53618e-02	4.89000e+02
1798	4.90478e+02	1.79800e+03	-1.53610e-02	4.89333e+02
1799	4.90818e+02	1.79900e+03	-1.53604e-02	4.89667e+02
1800	4.91133e+02	1.80000e+03	-1.53560e-02	4.90000e+02
1801	4.91457e+02	1.80100e+03	-1.53545e-02	4.90333e+02
1802	4.91792e+02	1.80200e+03	-1.53533e-02	4.90667e+02
1803	4.92113e+02	1.80300e+03	-1.53518e-02	4.91000e+02
1804	4.92444e+02	1.80400e+03	-1.53505e-02	4.91333e+02
1805	4.92770e+02	1.80500e+03	-1.53472e-02	4.91667e+02
1806	4.93103e+02	1.80600e+03	-1.53434e-02	4.92000e+02
1807	4.93432e+02	1.80700e+03	-1.53394e-02	4.92333e+02
1808	4.93764e+02	1.80800e+03	-1.53328e-02	4.92667e+02
1809	4.94088e+02	1.80900e+03	-1.53288e-02	4.93000e+02
1810	4.94417e+02	1.81000e+03	-1.53260e-02	4.93333e+02
1811	4.94744e+02	1.81100e+03	-1.53236e-02	4.93667e+02
1812	4.95069e+02	1.81200e+03	-1.53228e-02	4.94000e+02
1813	4.95395e+02	1.81300e+03	-1.53198e-02	4.94333e+02
1814	4.95730e+02	1.81400e+03	-1.53157e-02	4.94667e+02
1815	4.96058e+02	1.81500e+03	-1.53108e-02	4.95000e+02
1816	4.96387e+02	1.81600e+03	-1.53008e-02	4.95333e+02
1817	4.96719e+02	1.81700e+03	-1.52911e-02	4.95667e+02
1818	4.97033e+02	1.81800e+03	-1.52815e-02	4.96000e+02
1819	4.97371e+02	1.81900e+03	-1.52720e-02	4.96333e+02
1820	4.97692e+02	1.82000e+03	-1.52615e-02	4.96667e+02
1821	4.98020e+02	1.82100e+03	-1.52573e-02	4.97000e+02
1822	4.98343e+02	1.82200e+03	-1.52595e-02	4.97333e+02
1823	4.98674e+02	1.82300e+03	-1.52668e-02	4.97667e+02
1824	4.99003e+02	1.82400e+03	-1.52936e-02	4.98000e+02
1825	4.99341e+02	1.82500e+03	-1.53147e-02	4.98333e+02
1826	4.99668e+02	1.82600e+03	-1.53339e-02	4.98667e+02
1827	4.99998e+02	1.82700e+03	-1.53526e-02	4.99000e+02
1828	5.00330e+02	1.82800e+03	-1.53769e-02	4.99333e+02
1829	5.00648e+02	1.82900e+03	-1.53912e-02	4.99667e+02
1830	5.00985e+02	1.83000e+03	-1.54023e-02	5.00000e+02
1831	5.01314e+02	1.83100e+03	-1.54124e-02	5.00333e+02
1832	5.01645e+02	1.83200e+03	-1.54074e-02	5.00667e+02
1833	5.01981e+02	1.83300e+03	-1.54102e-02	5.01000e+02
1834	5.02310e+02	1.83400e+03	-1.54153e-02	5.01333e+02
1835	5.02641e+02	1.83500e+03	-1.54211e-02	5.01667e+02
1836	5.02975e+02	1.83600e+03	-1.54292e-02	5.02000e+02
1837	5.03303e+02	1.83700e+03	-1.54371e-02	5.02333e+02
1838	5.03642e+02	1.83800e+03	-1.54451e-02	5.02667e+02
1839	5.03967e+02	1.83900e+03	-1.54530e-02	5.03000e+02
1840	5.04296e+02	1.84000e+03	-1.54603e-02	5.03333e+02
1841	5.04626e+02	1.84100e+03	-1.54646e-02	5.03667e+02
1842	5.04947e+02	1.84200e+03	-1.54668e-02	5.04000e+02
1843	5.05284e+02	1.84300e+03	-1.54679e-02	5.04333e+02
1844	5.05609e+02	1.84400e+03	-1.54630e-02	5.04667e+02
1845	5.05938e+02	1.84500e+03	-1.54612e-02	5.05000e+02
1846	5.06270e+02	1.84600e+03	-1.54611e-02	5.05333e+02
1847	5.06596e+02	1.84700e+03	-1.54621e-02	5.05667e+02
1848	5.06937e+02	1.84800e+03	-1.54641e-02	5.06000e+02
1849	5.07261e+02	1.84900e+03	-1.54664e-02	5.06333e+02
1850	5.07595e+02	1.85000e+03	-1.54689e-02	5.06667e+02
1851	5.07922e+02	1.85100e+03	-1.54717e-02	5.07000e+02
1852	5.08251e+02	1.85200e+03	-1.54779e-02	5.07333e+02
1853	5.08581e+02	1.85300e+03	-1.54821e-02	5.07667e+02
1854	5.08910e+02	1.85400e+03	-1.54858e-02	5.08000e+02
1855	5.09233e+02	1.85500e+03	-1.54893e-02	5.08333e+02
1856	5.09559e+02	1.85600e+03	-1.54918e-02	5.08667e+02
1857	5.09895e+02	1.85700e+03	-1.54943e-02	5.09000e+02
1858	5.10224e+02	1.85800e+03	-1.54973e-02	5.09333e+02
1859	5.10545e+02	1.85900e+03	-1.55009e-02	5.09667e+02
1860	5.10873e+02	1.86000e+03	-1.55052e-02	5.10000e+02
1861	5.11209e+02	1.86100e+03	-1.55090e-02	5.10333e+02
1862	5.11544e+02	1.86200e+03	-1.55119e-02	5.10667e+02
1863	5.11878e+02	1.86300e+03	-1.55141e-02	5.11000e+02
1864	5.12192e+02	1.86400e+03	-1.55141e-02	5.11333e+02
1865	5.12541e+02	1.86500e+03	-1.55112e-02	5.11667e+02
1866	5.12870e+02	1.86600e+03	-1.55054e-02	5.12000e+02
1867	5.13193e+02	1.86700e+03	-1.54984e-02	5.12333e+02
1868	5.13523e+02	1.86800e+03	-1.54851e-02	5.12667e+02
1869	5.13860e+02	1.86900e+03	-1.54762e-02	5.13000e+02
1870	5.14180e+02	1.87000e+03	-1.54699e-02	5.13333e+02
1871	5.14503e+02	1.87100e+03	-1.54655e-02	5.13667e+02
1872	5.14837e+02	1.87200e+03	-1.54656e-02	5.14000e+02
1873	5.15168e+02	1.87300e+03	-1.54654e-02	5.14333e+02
1874	5.15493e+02	1.87400e+03	-1.54668e-02	5.14667e+02
1875	5.15818e+02	1.87500e+03	-1.54693e-02	5.15000e+02
1876	5.16148e+02	1.87600e+03	-1.54779e-02	5.15333e+02
1877	5.16480e+02	1.87700e+03	-1.54849e-02	5.15667e+02
1878	5.16813e+02	1.87800e+03	-1.54929e-02	5.16000e+02
1879	5.17139e+02	1.87900e+03	-1.55022e-02	5.16333e+02
1880	5.17463e+02	1.88000e+03	-1.55148e-02	5.16667e+02
1881	5.17798e+02	1.88100e+03	-1.55259e-02	5.17000e+02
1882	5.18119e+02	1.88200e+03	-1.55365e-02	5.17333e+02
1883	5.18449e+02	1.88300e+03	-1.55467e-02	5.17667e+02
1884	5.18778e+02	1.88400e+03	-1.55568e-02	5.18000e+02
1885	5.19101e+02	1.88500e+03	-1.55649e-02	5.18333e+02
1886	5.19442e+02	1.88600e+03	-1.55721e-02	5.18667e+02
1887	5.19767e+02	1.88700e+03	-1.55789e-02	5.19000e+02
1888	5.20083e+02	1.88800e+03	-1.55785e-02	5.19333e+02
1889	5.20416e+02	1.88900e+03	-1.55770e-02	5.19667e+02
1890	5.20741e+02	1.89000e+03	-1.55732e-02	5.20000e+02
1891	5.21078e+02	1.89100e+03	-1.55682e-02	5.20333e+02
1892	5.21400e+02	1.89200e+03	-1.55560e-02	5.20667e+02
1893	5.21731e+02	1.89300e+03	-1.55479e-02	5.21000e+02
1894	5.22052e+02	1.89400e+03	-1.55421e-02	5.21333e+02
1895	5.22375e+02	1.89500e+03	-1.55373e-02	5.21667e+02
1896	5.22708e+02	1.89600e+03	-1.55343e-02	5.22000e+02
1897	5.23043e+02	1.89700e+03	-1.55319e-02	5.22333e+02
1898	5.23372e+02	1.89800e+03	-1.55299e-02	5.22667e+02
1899	5.23704e+02	1.89900e+03	-1.55278e-02	5.23000e+02
1900	5.24030e+02	1.90000e+03	-1.55271e-02	5.23333e+02
1901	5.24357e+02	1.90100e+03	-1.55238e-02	5.23667e+02
1902	5.24681e+02	1.90200e+03	-1.55214e-02	5.24000e+02
1903	5.25005e+02	1.90300e+03	-1.55198e-02	5.24333e+02
1904	5.25342e+02	1.90400e+03	-1.55190e-02	5.24667e+02
1905	5.25664e+02	1.90500e+03	-1.55241e-02	5.25000e+02
1906	5.25995e+02	1.90600e+03	-1.55321e-02	5.25333e+02
1907	5.26333e+02	1.90700e+03	-1.55400e-02	5.25667e+02
1908	5.26667e+02	1.90800e+03	-1.55511e-02	5.26000e+02
1909	5.26987e+02	1.90900e+03	-1.55554e-02	5.26333e+02
1910	5.27316e+02	1.91000e+03	-1.55565e-02	5.26667e+02
1911	5.27646e+02	1.91100e+03	-1.55557e-02	5.27000e+02
1912	5.27989e+02	1.91200e+03	-1.55443e-02	5.27333e+02
1913	5.28310e+02	1.91300e+03	-1.55382e-02	5.27667e+02
1914	5.28634e+02	1.91400e+03	-1.55335e-02	5.28000e+02
1915	5.28975e+02	1.91500e+03	-1.55293e-02	5.28333e+02
1916	5.29316e+02	1.91600e+03	-1.55264e-02	5.28667e+02
1917	5.29644e+02	1.91700e+03	-1.55256e-02	5.29000e+02
1918	5.29968e+02	1.91800e+03	-1.55273e-02	5.29333e+02
1919	5.30303e+02	1.91900e+03	-1.55305e-02	5.29667e+02
1920	5.30634e+02	1.92000e+03	-1.55395e-02	5.30000e+02
1921	5.30965e+02	1.92100e+03	-1.55465e-02	5.30333e+02
1922	5.31291e+02	1.92200e+03	-1.55526e-02	5.30667e+02
1923	5.31639e+02	1.92300e+03	-1.55579e-02	5.31000e+02
1924	5.31963e+02	1.92400e+03	-1.55602e-02	5.31333e+02
1925	5.32290e+02	1.92500e+03	-1.55594e-02	5.31667e+02
1926	5.32624e+02	1.92600e+03	-1.55563e-02	5.32000e+02
1927	5.32951e+02	1.92700e+03	-1.55520e-02	5.32333e+02
1928	5.33289e+02	1.92800e+03	-1.55380e-02	5.32667e+02
1929	5.33623e+02	1.92900e+03	-1.55288e-02	5.33000e+02
1930	5.33949e+02	1.93000e+03	-1.55214e-02	5.33333e+02
1931	5.34282e+02	1.93100e+03	-1.55149e-02	5.33667e+02
1932	5.34606e+02	1.93200e+03	-1.55105e-02	5.34000e+02
1933	5.34938e+02	1.93300e+03	-1.55078e-02	5.34333e+02
1934	5.35271e+02	1.93400e+03	-1.55065e-02	5.34667e+02
1935	5.35591e+02	1.93500e+03	-1.55057e-02	5.35000e+02
1936	5.35926e+02	1.93600e+03	-1.55087e-02	5.35333e+02
1937	5.36264e+02	1.93700e+03	-1.55078e-02	5.35667e+02
1938	5.36592e+02	1.93800e+03	-1.55056e-02	5.36000e+02
1939	5.36926e+02	1.93900e+03	-1.55028e-02	5.36333e+02
1940	5.37267e+02	1.94000e+03	-1.54960e-02	5.36667e+02
1941	5.37596e+02	1.94100e+03	-1.54907e-02	5.37000e+02
1942	5.37933e+02	1.94200e+03	-1.54858e-02	5.37333e+02
1943	5.38272e+02	1.94300e+03	-1.54810e-02	5.37667e+02
1944	5.38602e+02	1.94400e+03	-1.54776e-02	5.38000e+02
1945	5.38928e+02	1.94500e+03	-1.54764e-02	5.38333e+02
1946	5.39271e+02	1.94600e+03	-1.54776e-02	5.38667e+02
1947	5.39602e+02	1.94700e+03	-1.54804e-02	5.39000e+02
1948	5.39936e+02	1.94800e+03	-1.54892e-02	5.39333e+02
1949	5.40274e+02	1.94900e+03	-1.54952e-02	5.39667e+02
1950	5.40610e+02	1.95000e+03	-1.55003e-02	5.40000e+02
1951	5.40946e+02	1.95100e+03	-1.55049e-02	5.40333e+02
1952	5.41289e+02	1.95200e+03	-1.55094e-02	5.40667e+02
1953	5.41621e+02	1.95300e+03	-1.55131e-02	5.41000e+02
1954	5.41962e+02	1.95400e+03	-1.55162e-02	5.41333e+02
1955	5.42298e+02	1.95500e+03	-1.55185e-02	5.41667e+02
1956	5.42643e+02	1.95600e+03	-1.55162e-02	5.42000e+02
1957	5.42978e+02	1.95700e+03	-1.55147e-02	5.42333e+02
1958	5.43322e+02	1.95800e+03	-1.55128e-02	5.42667e+02
1959	5.43662e+02	1.95900e+03	-1.55106e-02	5.43000e+02
1960	5.44003e+02	1.96000e+03	-1.55050e-02	5.43333e+02
1961	5.44340e+02	1.96100e+03	-1.55015e-02	5.43667e+02
1962	5.44677e+02	1.96200e+03	-1.54992e-02	5.44000e+02
1963	5.45020e+02	1.96300e+03	-1.54972e-02	5.44333e+02
1964	5.45371e+02	1.96400e+03	-1.54964e-02	5.44667e+02
1965	5.45708e+02	1.96500e+03	-1.54961e-02	5.45000e+02
1966	5.46049e+02	1.96600e+03	-1.54968e-02	5.45333e+02
1967	5.46390e+02	1.96700e+03	-1.54984e-02	5.45667e+02
1968	5.46733e+02	1.96800e+03	-1.55048e-02	5.46000e+02
1969	5.47068e+02	1.96900e+03	-1.55113e-02	5.46333e+02
1970	5.47423e+02	1.97000e+03	-1.55188e-02	5.46667e+02
1971	5.47775e+02	1.97100e+03	-1.55267e-02	5.47000e+02
1972	5.48122e+02	1.97200e+03	-1.55362e-02	5.47333e+02
1973	5.48468e+02	1.97300e+03	-1.55425e-02	5.47667e+02
1974	5.48826e+02	1.97400e+03	-1.55474e-02	5.48000e+02
1975	5.49169e+02	1.97500e+03	-1.55516e-02	5.48333e+02
1976	5.49522e+02	1.97600e+03	-1.55500e-02	5.48667e+02
1977	5.49879e+02	1.97700e+03	-1.55502e-02	5.49000e+02
1978	5.50230e+02	1.97800e+03	-1.55501e-02	5.49333e+02
1979	5.50578e+02	1.97900e+03	-1.55494e-02	5.49667e+02
1980	5.50932e+02	1.98000e+03	-1.55460e-02	5.50000e+02
1981	5.51281e+02	1.98100e+03	-1.55434e-02	5.50333e+02
1982	5.51627e+02	1.98200e+03	-1.55411e-02	5.50667e+02
1983	5.51969e+02	1.98300e+03	-1.55390e-02	5.51000e+02
1984	5.52311e+02	1.98400e+03	-1.55386e-02	5.51333e+02
1985	5.52651e+02	1.98500e+03	-1.55403e-02	5.51667e+02
1986	5.52993e+02	1.98600e+03	-1.55455e-02	5.52000e+02
1987	5.53330e+02	1.98700e+03	-1.55532e-02	5.52333e+02
1988	5.53662e+02	1.98800e+03	-1.55704e-02	5.52667e+02
1989	5.54010e+02	1.98900e+03	-1.55865e-02	5.53000e+02
1990	5.54336e+02	1.99000e+03	-1.56040e-02	5.53333e+02
1991	5.54681e+02	1.99100e+03	-1.56230e-02	5.53667e+02
1992	5.55021e+02	1.99200e+03	-1.56484e-02	5.54000e+02
1993	5.55365e+02	1.99300e+03	-1.56676e-02	5.54333e+02
1994	5.55708e+02	1.99400e+03	-1.56835e-02	5.54667e+02
1995	5.56049e+02	1.99500e+03	-1.56973e-02	5.55000e+02
1996	5.56388e+02	1.99600e+03	-1.57009e-02	5.55333e+02
1997	5.56734e+02	1.99700e+03	-1.57045e-02	5.55667e+02
1998	5.57083e+02	1.99800e+03	-1.57066e-02	5.56000e+02
1999	5.57436e+02	1.99900e+03	-1.57073e-02	5.56333e+02
2000	5.57776e+02	2.00000e+03	-1.56936e-02	5.56667e+02
2001	5.58127e+02	2.00100e+03	-1.56830e-02	5.57000e+02
2002	5.58468e+02	2.00200e+03	-1.56718e-02	5.57333e+02
2003	5.58813e+02	2.00300e+03	-1.56602e-02	5.57667e+02
2004	5.59160e+02	2.00400e+03	-1.56444e-02	5.58000e+02
2005	5.59497e+02	2.00500e+03	-1.56337e-02	5.58333e+02
2006	5.59819e+02	2.00600e+03	-1.56255e-02	5.58667e+02
2007	5.60147e+02	2.00700e+03	-1.56184e-02	5.59000e+02
2008	5.60482e+02	2.00800e+03	-1.56171e-02	5.59333e+02
2009	5.60814e+02	2.00900e+03	-1.56133e-02	5.59667e+02
2010	5.61139e+02	2.01000e+03	-1.56089e-02	5.60000e+02
2011	5.61462e+02	2.01100e+03	-1.56049e-02	5.60333e+02
2012	5.61802e+02	2.01200e+03	-1.56041e-02	5.60667e+02
2013	5.62128e+02	2.01300e+03	-1.56035e-02	5.61000e+02
2014	5.62457e+02	2.01400e+03	-1.56036e-02	5.61333e+02
2015	5.62788e+02	2.01500e+03	-1.56039e-02	5.61667e+02
2016	5.63124e+02	2.01600e+03	-1.56046e-02	5.62000e+02
2017	5.63456e+02	2.01700e+03	-1.56035e-02	5.62333e+02
2018	5.63791e+02	2.01800e+03	-1.56015e-02	5.62667e+02
2019	5.64121e+02	2.01900e+03	-1.55989e-02	5.63000e+02
2020	5.64453e+02	2.02000e+03	-1.55903e-02	5.63333e+02
2021	5.64790e+02	2.02100e+03	-1.55816e-02	5.63667e+02
2022	5.65126e+02	2.02200e+03	-1.55716e-02	5.64000e+02
2023	5.65462e+02	2.02300e+03	-1.55604e-02	5.64333e+02
2024	5.65796e+02	2.02400e+03	-1.55426e-02	5.64667e+02
2025	5.66135e+02	2.02500e+03	-1.55288e-02	5.65000e+02
2026	5.66472e+02	2.02600e+03	-1.55170e-02	5.65333e+02
2027	5.66807e+02	2.02700e+03	-1.55060e-02	5.65667e+02
2028	5.67152e+02	2.02800e+03	-1.54977e-02	5.66000e+02
2029	5.67491e+02	2.02900e+03	-1.54900e-02	5.66333e+02
2030	5.67821e+02	2.03000e+03	-1.54825e-02	5.66667e+02
2031	5.68173e+02	2.03100e+03	-1.54749e-02	5.67000e+02
2032	5.68519e+02	2.03200e+03	-1.54714e-02	5.67333e+02
2033	5.68856e+02	2.03300e+03	-1.54665e-02	5.67667e+02
2034	5.69195e+02	2.03400e+03	-1.54624e-02	5.68000e+02
2035	5.69536e+02	2.03500e+03	-1.54590e-02	5.68333e+02
2036	5.69887e+02	2.03600e+03	-1.54573e-02	5.68667e+02
2037	5.70236e+02	2.03700e+03	-1.54568e-02	5.69000e+02
2038	5.70580e+02	2.03800e+03	-1.54571e-02	5.69333e+02
2039	5.70923e+02	2.03900e+03	-1.54576e-02	5.69667e+02
2040	5.71273e+02	2.04000e+03	-1.54609e-02	5.70000e+02
2041	5.71606e+02	2.04100e+03	-1.54616e-02	5.70333e+02
2042	5.71944e+02	2.04200e+03	-1.54624e-02	5.70667e+02
2043	5.72288e+02	2.04300e+03	-1.54640e-02	5.71000e+02
2044	5.72628e+02	2.04400e+03	-1.54665e-02	5.71333e+02
2045	5.72966e+02	2.04500e+03	-1.54740e-02	5.71667e+02
2046	5.73313e+02	2.04600e+03	-1.54855e-02	5.72000e+02
2047	5.73670e+02	2.04700e+03	-1.54985e-02	5.72333e+02
2048	5.74013e+02	2.04800e+03	-1.55207e-02	5.72667e+02
2049	5.74369e+02	2.04900e+03	-1.55374e-02	5.73000e+02
2050	5.74701e+02	2.05000e+03	-1.55519e-02	5.73333e+02
2051	5.75051e+02	2.05100e+03	-1.55661e-02	5.73667e+02
2052	5.75399e+02	2.05200e+03	-1.55784e-02	5.74000e+02
2053	5.75733e+02	2.05300e+03	-1.55890e-02	5.74333e+02
2054	5.76077e+02	2.05400e+03	-1.55981e-02	5.74667e+02
2055	5.76428e+02	2.05500e+03	-1.56063e-02	5.75000e+02
2056	5.76772e+02	2.05600e+03	-1.56076e-02	5.75333e+02
2057	5.77116e+02	2.05700e+03	-1.56103e-02	5.75667e+02
2058	5.77446e+02	2.05800e+03	-1.56119e-02	5.76000e+02
2059	5.77787e+02	2.05900e+03	-1.56125e-02	5.76333e+02
2060	5.78123e+02	2.06000e+03	-1.56081e-02	5.76667e+02
2061	5.78450e+02	2.06100e+03	-1.56052e-02	5.77000e+02
2062	5.78780e+02	2.06200e+03	-1.56038e-02	5.77333e+02
2063	5.79124e+02	2.06300e+03	-1.56043e-02	5.77667e+02
2064	5.79468e+02	2.06400e+03	-1.56072e-02	5.78000e+02
2065	5.79805e+02	2.06500e+03	-1.56108e-02	5.78333e+02
2066	5.80145e+02	2.06600e+03	-1.56139e-02	5.78667e+02
2067	5.80474e+02	2.06700e+03	-1.56160e-02	5.79000e+02
2068	5.80800e+02	2.06800e+03	-1.56216e-02	5.79333e+02
2069	5.81129e+02	2.06900e+03	-1.56239e-02	5.79667e+02
2070	5.81458e+02	2.07000e+03	-1.56257e-02	5.80000e+02
2071	5.81788e+02	2.07100e+03	-1.56275e-02	5.80333e+02
2072	5.82133e+02	2.07200e+03	-1.56231e-02	5.80667e+02
2073	5.82464e+02	2.07300e+03	-1.56198e-02	5.81000e+02
2074	5.82794e+02	2.07400e+03	-1.56149e-02	5.81333e+02
2075	5.83129e+02	2.07500e+03	-1.56087e-02	5.81667e+02
2076	5.83471e+02	2.07600e+03	-1.55989e-02	5.82000e+02
2077	5.83810e+02	2.07700e+03	-1.55892e-02	5.82333e+02
2078	5.84150e+02	2.07800e+03	-1.55801e-02	5.82667e+02
2079	5.84493e+02	2.07900e+03	-1.55726e-02	5.83000e+02
2080	5.84823e+02	2.08000e+03	-1.55673e-02	5.83333e+02
2081	5.85161e+02	2.08100e+03	-1.55658e-02	5.83667e+02
2082	5.85489e+02	2.08200e+03	-1.55649e-02	5.84000e+02
2083	5.85812e+02	2.08300e+03	-1.55638e-02	5.84333e+02
2084	5.86155e+02	2.08400e+03	-1.55710e-02	5.84667e+02
2085	5.86494e+02	2.08500e+03	-1.55717e-02	5.85000e+02
2086	5.86810e+02	2.08600e+03	-1.55695e-02	5.85333e+02
2087	5.87133e+02	2.08700e+03	-1.55664e-02	5.85667e+02
2088	5.87462e+02	2.08800e+03	-1.55580e-02	5.86000e+02
2089	5.87787e+02	2.08900e+03	-1.55520e-02	5.86333e+02
2090	5.88110e+02	2.09000e+03	-1.55468e-02	5.86667e+02
2091	5.88434e+02	2.09100e+03	-1.55430e-02	5.87000e+02
2092	5.88766e+02	2.09200e+03	-1.55397e-02	5.87333e+02
2093	5.89095e+02	2.09300e+03	-1.55347e-02	5.87667e+02
2094	5.89430e+02	2.09400e+03	-1.55282e-02	5.88000e+02
2095	5.89760e+02	2.09500e+03	-1.55209e-02	5.88333e+02
2096	5.90093e+02	2.09600e+03	-1.55129e-02	5.88667e+02
2097	5.90430e+02	2.09700e+03	-1.55051e-02	5.89000e+02
2098	5.90754e+02	2.09800e+03	-1.54996e-02	5.89333e+02
2099	5.91085e+02	2.09900e+03	-1.54963e-02	5.89667e+02
2100	5.91413e+02	2.10000e+03	-1.55008e-02	5.90000e+02
2101	5.91752e+02	2.10100e+03	-1.55098e-02	5.90333e+02
2102	5.92083e+02	2.10200e+03	-1.55214e-02	5.90667e+02
2103	5.92410e+02	2.10300e+03	-1.55340e-02	5.91000e+02
2104	5.92740e+02	2.10400e+03	-1.55590e-02	5.91333e+02
2105	5.93070e+02	2.10500e+03	-1.55748e-02	5.91667e+02
2106	5.93396e+02	2.10600e+03	-1.55895e-02	5.92000e+02
2107	5.93726e+02	2.10700e+03	-1.56052e-02	5.92333e+02
2108	5.94051e+02	2.10800e+03	-1.56172e-02	5.92667e+02
2109	5.94388e+02	2.10900e+03	-1.56331e-02	5.93000e+02
2110	5.94714e+02	2.11000e+03	-1.56500e-02	5.93333e+02
2111	5.95038e+02	2.11100e+03	-1.56668e-02	5.93667e+02
2112	5.95364e+02	2.11200e+03	-1.56873e-02	5.94000e+02
2113	5.95696e+02	2.11300e+03	-1.57045e-02	5.94333e+02
2114	5.96018e+02	2.11400e+03	-1.57185e-02	5.94667e+02
2115	5.96343e+02	2.11500e+03	-1.57295e-02	5.95000e+02
2116	5.96679e+02	2.11600e+03	-1.57298e-02	5.95333e+02
2117	5.97013e+02	2.11700e+03	-1.57287e-02	5.95667e+02
2118	5.97345e+02	2.11800e+03	-1.57242e-02	5.96000e+02
2119	5.97670e+02	2.11900e+03	-1.57177e-02	5.96333e+02
2120	5.98008e+02	2.12000e+03	-1.56970e-02	5.96667e+02
2121	5.98343e+02	2.12100e+03	-1.56822e-02	5.97000e+02
2122	5.98669e+02	2.12200e+03	-1.56672e-02	5.97333e+02
2123	5.98994e+02	2.12300e+03	-1.56510e-02	5.97667e+02
2124	5.99325e+02	2.12400e+03	-1.56312e-02	5.98000e+02
2125	5.99654e+02	2.12500e+03	-1.56116e-02	5.98333e+02
2126	5.99988e+02	2.12600e+03	-1.55924e-02	5.98667e+02
2127	6.00331e+02	2.12700e+03	-1.55745e-02	5.99000e+02
2128	6.00665e+02	2.12800e+03	-1.55623e-02	5.99333e+02
2129	6.01000e+02	2.12900e+03	-1.55567e-02	5.99667e+02
2130	6.01339e+02	2.13000e+03	-1.55560e-02	6.00000e+02
2131	6.01676e+02	2.13100e+03	-1.55575e-02	6.00333e+02
2132	6.02008e+02	2.13200e+03	-1.55742e-02	6.00667e+02
2133	6.02341e+02	2.13300e+03	-1.55805e-02	6.01000e+02
2134	6.02682e+02	2.13400e+03	-1.55821e-02	6.01333e+02
2135	6.03011e+02	2.13500e+03	-1.55815e-02	6.01667e+02
2136	6.03348e+02	2.13600e+03	-1.55748e-02	6.02000e+02
2137	6.03677e+02	2.13700e+03	-1.55694e-02	6.02333e+02
2138	6.04007e+02	2.13800e+03	-1.55653e-02	6.02667e+02
2139	6.04335e+02	2.13900e+03	-1.55632e-02	6.03000e+02
2140	6.04653e+02	2.14000e+03	-1.55630e-02	6.03333e+02
2141	6.04987e+02	2.14100e+03	-1.55665e-02	6.03667e+02
2142	6.05317e+02	2.14200e+03	-1.55699e-02	6.04000e+02
2143	6.05641e+02	2.14300e+03	-1.55725e-02	6.04333e+02
2144	6.05959e+02	2.14400e+03	-1.55836e-02	6.04667e+02
2145	6.06292e+02	2.14500e+03	-1.55877e-02	6.05000e+02
2146	6.06621e+02	2.14600e+03	-1.55902e-02	6.05333e+02
2147	6.06949e+02	2.14700e+03	-1.55930e-02	6.05667e+02
2148	6.07279e+02	2.14800e+03	-1.55909e-02	6.06000e+02
2149	6.07606e+02	2.14900e+03	-1.55919e-02	6.06333e+02
2150	6.07922e+02	2.15000e+03	-1.55937e-02	6.06667e+02
2151	6.08244e+02	2.15100e+03	-1.55964e-02	6.07000e+02
2152	6.08579e+02	2.15200e+03	-1.56047e-02	6.07333e+02
2153	6.08920e+02	2.15300e+03	-1.56132e-02	6.07667e+02
2154	6.09247e+02	2.15400e+03	-1.56223e-02	6.08000e+02
2155	6.09570e+02	2.15500e+03	-1.56311e-02	6.08333e+02
2156	6.09901e+02	2.15600e+03	-1.56379e-02	6.08667e+02
2157	6.10236e+02	2.15700e+03	-1.56386e-02	6.09000e+02
2158	6.10566e+02	2.15800e+03	-1.56351e-02	6.09333e+02
2159	6.10885e+02	2.15900e+03	-1.56293e-02	6.09667e+02
2160	6.11217e+02	2.16000e+03	-1.56155e-02	6.10000e+02
2161	6.11553e+02	2.16100e+03	-1.56099e-02	6.10333e+02
2162	6.11884e+02	2.16200e+03	-1.56056e-02	6.10667e+02
2163	6.12218e+02	2.16300e+03	-1.56009e-02	6.11000e+02
2164	6.12541e+02	2.16400e+03	-1.55971e-02	6.11333e+02
2165	6.12878e+02	2.16500e+03	-1.55877e-02	6.11667e+02
2166	6.13206e+02	2.16600e+03	-1.55739e-02	6.12000e+02
2167	6.13542e+02	2.16700e+03	-1.55575e-02	6.12333e+02
2168	6.13878e+02	2.16800e+03	-1.55309e-02	6.12667e+02
2169	6.14216e+02	2.16900e+03	-1.55089e-02	6.13000e+02
2170	6.14550e+02	2.17000e+03	-1.54879e-02	6.13333e+02
2171	6.14875e+02	2.17100e+03	-1.54674e-02	6.13667e+02
2172	6.15211e+02	2.17200e+03	-1.54481e-02	6.14000e+02
2173	6.15548e+02	2.17300e+03	-1.54322e-02	6.14333e+02
2174	6.15872e+02	2.17400e+03	-1.54181e-02	6.14667e+02
2175	6.16207e+02	2.17500e+03	-1.54049e-02	6.15000e+02
2176	6.16540e+02	2.17600e+03	-1.54006e-02	6.15333e+02
2177	6.16877e+02	2.17700e+03	-1.53966e-02	6.15667e+02
2178	6.17215e+02	2.17800e+03	-1.53974e-02	6.16000e+02
2179	6.17542e+02	2.17900e+03	-1.54015e-02	6.16333e+02
2180	6.17877e+02	2.18000e+03	-1.54178e-02	6.16667e+02
2181	6.18203e+02	2.18100e+03	-1.54346e-02	6.17000e+02
2182	6.18545e+02	2.18200e+03	-1.54540e-02	6.17333e+02
2183	6.18872e+02	2.18300e+03	-1.54745e-02	6.17667e+02
2184	6.19213e+02	2.18400e+03	-1.55071e-02	6.18000e+02
2185	6.19538e+02	2.18500e+03	-1.55306e-02	6.18333e+02
2186	6.19868e+02	2.18600e+03	-1.55506e-02	6.18667e+02
2187	6.20202e+02	2.18700e+03	-1.55695e-02	6.19000e+02
2188	6.20534e+02	2.18800e+03	-1.55815e-02	6.19333e+02
2189	6.20859e+02	2.18900e+03	-1.55936e-02	6.19667e+02
2190	6.21199e+02	2.19000e+03	-1.56024e-02	6.20000e+02
2191	6.21531e+02	2.19100e+03	-1.56083e-02	6.20333e+02
2192	6.21860e+02	2.19200e+03	-1.56011e-02	6.20667e+02
2193	6.22193e+02	2.19300e+03	-1.55949e-02	6.21000e+02
2194	6.22512e+02	2.19400e+03	-1.55872e-02	6.21333e+02
2195	6.22854e+02	2.19500e+03	-1.55783e-02	6.21667e+02
2196	6.23193e+02	2.19600e+03	-1.55619e-02	6.22000e+02
2197	6.23526e+02	2.19700e+03	-1.55539e-02	6.22333e+02
2198	6.23865e+02	2.19800e+03	-1.55486e-02	6.22667e+02
2199	6.24199e+02	2.19900e+03	-1.55431e-02	6.23000e+02
2200	6.24530e+02	2.20000e+03	-1.55389e-02	6.23333e+02
2201	6.24864e+02	2.20100e+03	-1.55299e-02	6.23667e+02
2202	6.25198e+02	2.20200e+03	-1.55208e-02	6.24000e+02
2203	6.25532e+02	2.20300e+03	-1.55119e-02	6.24333e+02
2204	6.25862e+02	2.20400e+03	-1.55056e-02	6.24667e+02
2205	6.26193e+02	2.20500e+03	-1.55104e-02	6.25000e+02
2206	6.26522e+02	2.20600e+03	-1.55217e-02	6.25333e+02
2207	6.26857e+02	2.20700e+03	-1.55364e-02	6.25667e+02
2208	6.27192e+02	2.20800e+03	-1.55724e-02	6.26000e+02
2209	6.27527e+02	2.20900e+03	-1.55966e-02	6.26333e+02
2210	6.27860e+02	2.21000e+03	-1.56172e-02	6.26667e+02
2211	6.28187e+02	2.21100e+03	-1.56366e-02	6.27000e+02
2212	6.28533e+02	2.21200e+03	-1.56486e-02	6.27333e+02
2213	6.28863e+02	2.21300e+03	-1.56561e-02	6.27667e+02
2214	6.29196e+02	2.21400e+03	-1.56613e-02	6.28000e+02
2215	6.29530e+02	2.21500e+03	-1.56658e-02	6.28333e+02
2216	6.29859e+02	2.21600e+03	-1.56574e-02	6.28667e+02
2217	6.30198e+02	2.21700e+03	-1.56546e-02	6.29000e+02
2218	6.30528e+02	2.21800e+03	-1.56503e-02	6.29333e+02
2219	6.30841e+02	2.21900e+03	-1.56449e-02	6.29667e+02
2220	6.31188e+02	2.22000e+03	-1.56397e-02	6.30000e+02
2221	6.31528e+02	2.22100e+03	-1.56341e-02	6.30333e+02
2222	6.31853e+02	2.22200e+03	-1.56299e-02	6.30667e+02
2223	6.32186e+02	2.22300e+03	-1.56270e-02	6.31000e+02
2224	6.32513e+02	2.22400e+03	-1.56192e-02	6.31333e+02
2225	6.32848e+02	2.22500e+03	-1.56107e-02	6.31667e+02
2226	6.33177e+02	2.22600e+03	-1.56014e-02	6.32000e+02
2227	6.33506e+02	2.22700e+03	-1.55914e-02	6.32333e+02
2228	6.33844e+02	2.22800e+03	-1.55809e-02	6.32667e+02
2229	6.34160e+02	2.22900e+03	-1.55746e-02	6.33000e+02
2230	6.34480e+02	2.23000e+03	-1.55697e-02	6.33333e+02
2231	6.34811e+02	2.23100e+03	-1.55648e-02	6.33667e+02
2232	6.35126e+02	2.23200e+03	-1.55653e-02	6.34000e+02
2233	6.35461e+02	2.23300e+03	-1.55639e-02	6.34333e+02
2234	6.35792e+02	2.23400e+03	-1.55637e-02	6.34667e+02
2235	6.36117e+02	2.23500e+03	-1.55651e-02	6.35000e+02
2236	6.36445e+02	2.23600e+03	-1.55749e-02	6.35333e+02
2237	6.36771e+02	2.23700e+03	-1.55857e-02	6.35667e+02
2238	6.37103e+02	2.23800e+03	-1.55972e-02	6.36000e+02
2239	6.37428e+02	2.23900e+03	-1.56095e-02	6.36333e+02
2240	6.37755e+02	2.24000e+03	-1.56321e-02	6.36667e+02
2241	6.38093e+02	2.24100e+03	-1.56498e-02	6.37000e+02
2242	6.38430e+02	2.24200e+03	-1.56668e-02	6.37333e+02
2243	6.38757e+02	2.24300e+03	-1.56835e-02	6.37667e+02
2244	6.39081e+02	2.24400e+03	-1.56993e-02	6.38000e+02
2245	6.39414e+02	2.24500e+03	-1.57152e-02	6.38333e+02
2246	6.39738e+02	2.24600e+03	-1.57307e-02	6.38667e+02
2247	6.40065e+02	2.24700e+03	-1.57464e-02	6.39000e+02
2248	6.40398e+02	2.24800e+03	-1.57600e-02	6.39333e+02
2249	6.40727e+02	2.24900e+03	-1.57732e-02	6.39667e+02
2250	6.41055e+02	2.25000e+03	-1.57850e-02	6.40000e+02
2251	6.41391e+02	2.25100e+03	-1.57942e-02	6.40333e+02
2252	6.41711e+02	2.25200e+03	-1.57955e-02	6.40667e+02
2253	6.42043e+02	2.25300e+03	-1.57964e-02	6.41000e+02
2254	6.42375e+02	2.25400e+03	-1.57951e-02	6.41333e+02
2255	6.42701e+02	2.25500e+03	-1.57918e-02	6.41667e+02
2256	6.43027e+02	2.25600e+03	-1.57765e-02	6.42000e+02
2257	6.43353e+02	2.25700e+03	-1.57643e-02	6.42333e+02
2258	6.43691e+02	2.25800e+03	-1.57502e-02	6.42667e+02
2259	6.44021e+02	2.25900e+03	-1.57342e-02	6.43000e+02
2260	6.44348e+02	2.26000e+03	-1.57127e-02	6.43333e+02
2261	6.44683e+02	2.26100e+03	-1.56952e-02	6.43667e+02
2262	6.45018e+02	2.26200e+03	-1.56810e-02	6.44000e+02
2263	6.45339e+02	2.26300e+03	-1.56697e-02	6.44333e+02
2264	6.45668e+02	2.26400e+03	-1.56688e-02	6.44667e+02
2265	6.45991e+02	2.26500e+03	-1.56713e-02	6.45000e+02
2266	6.46328e+02	2.26600e+03	-1.56759e-02	6.45333e+02
2267	6.46669e+02	2.26700e+03	-1.56816e-02	6.45667e+02
2268	6.46999e+02	2.26800e+03	-1.57031e-02	6.46000e+02
2269	6.47329e+02	2.26900e+03	-1.57146e-02	6.46333e+02
2270	6.47660e+02	2.27000e+03	-1.57224e-02	6.46667e+02
2271	6.47990e+02	2.27100e+03	-1.57285e-02	6.47000e+02
2272	6.48323e+02	2.27200e+03	-1.57280e-02	6.47333e+02
2273	6.48649e+02	2.27300e+03	-1.57298e-02	6.47667e+02
2274	6.48981e+02	2.27400e+03	-1.57312e-02	6.48000e+02
2275	6.49313e+02	2.27500e+03	-1.57319e-02	6.48333e+02
2276	6.49640e+02	2.27600e+03	-1.57331e-02	6.48667e+02
2277	6.49983e+02	2.27700e+03	-1.57373e-02	6.49000e+02
2278	6.50305e+02	2.27800e+03	-1.57423e-02	6.49333e+02
2279	6.50641e+02	2.27900e+03	-1.57479e-02	6.49667e+02
2280	6.50969e+02	2.28000e+03	-1.57587e-02	6.50000e+02
2281	6.51309e+02	2.28100e+03	-1.57661e-02	6.50333e+02
2282	6.51623e+02	2.28200e+03	-1.57724e-02	6.50667e+02
2283	6.51961e+02	2.28300e+03	-1.57785e-02	6.51000e+02
2284	6.52291e+02	2.28400e+03	-1.57802e-02	6.51333e+02
2285	6.52622e+02	2.28500e+03	-1.57817e-02	6.51667e+02
2286	6.52947e+02	2.28600e+03	-1.57825e-02	6.52000e+02
2287	6.53276e+02	2.28700e+03	-1.57830e-02	6.52333e+02
2288	6.53600e+02	2.28800e+03	-1.57796e-02	6.52667e+02
2289	6.53928e+02	2.28900e+03	-1.57783e-02	6.53000e+02
2290	6.54264e+02	2.29000e+03	-1.57771e-02	6.53333e+02
2291	6.54596e+02	2.29100e+03	-1.57751e-02	6.53667e+02
2292	6.54933e+02	2.29200e+03	-1.57713e-02	6.54000e+02
2293	6.55259e+02	2.29300e+03	-1.57671e-02	6.54333e+02
2294	6.55591e+02	2.29400e+03	-1.57636e-02	6.54667e+02
2295	6.55922e+02	2.29500e+03	-1.57606e-02	6.55000e+02
2296	6.56255e+02	2.29600e+03	-1.57586e-02	6.55333e+02
2297	6.56591e+02	2.29700e+03	-1.57601e-02	6.55667e+02
2298	6.56916e+02	2.29800e+03	-1.57633e-02	6.56000e+02
2299	6.57246e+02	2.29900e+03	-1.57670e-02	6.56333e+02
2300	6.57580e+02	2.30000e+03	-1.57717e-02	6.56667e+02
2301	6.57914e+02	2.30100e+03	-1.57673e-02	6.57000e+02
2302	6.58241e+02	2.30200e+03	-1.57575e-02	6.57333e+02
2303	6.58561e+02	2.30300e+03	-1.57448e-02	6.57667e+02
2304	6.58895e+02	2.30400e+03	-1.57164e-02	6.58000e+02
2305	6.59230e+02	2.30500e+03	-1.56929e-02	6.58333e+02
2306	6.59561e+02	2.30600e+03	-1.56693e-02	6.58667e+02
2307	6.59888e+02	2.30700e+03	-1.56453e-02	6.59000e+02
2308	6.60208e+02	2.30800e+03	-1.56165e-02	6.59333e+02
2309	6.60543e+02	2.30900e+03	-1.55925e-02	6.59667e+02
2310	6.60876e+02	2.31000e+03	-1.55718e-02	6.60000e+02
2311	6.61206e+02	2.31100e+03	-1.55532e-02	6.60333e+02
2312	6.61531e+02	2.31200e+03	-1.55426e-02	6.60667e+02
2313	6.61861e+02	2.31300e+03	-1.55310e-02	6.61000e+02
2314	6.62195e+02	2.31400e+03	-1.55206e-02	6.61333e+02
2315	6.62524e+02	2.31500e+03	-1.55119e-02	6.61667e+02
2316	6.62861e+02	2.31600e+03	-1.55126e-02	6.62000e+02
2317	6.63191e+02	2.31700e+03	-1.55111e-02	6.62333e+02
2318	6.63523e+02	2.31800e+03	-1.55104e-02	6.62667e+02
2319	6.63852e+02	2.31900e+03	-1.55099e-02	6.63000e+02
2320	6.64170e+02	2.32000e+03	-1.55145e-02	6.63333e+02
2321	6.64506e+02	2.32100e+03	-1.55159e-02	6.63667e+02
2322	6.64837e+02	2.32200e+03	-1.55173e-02	6.64000e+02
2323	6.65159e+02	2.32300e+03	-1.55208e-02	6.64333e+02
2324	6.65497e+02	2.32400e+03	-1.55303e-02	6.64667e+02
2325	6.65817e+02	2.32500e+03	-1.55394e-02	6.65000e+02
2326	6.66151e+02	2.32600e+03	-1.55456e-02	6.65333e+02
2327	6.66479e+02	2.32700e+03	-1.55494e-02	6.65667e+02
2328	6.66811e+02	2.32800e+03	-1.55536e-02	6.66000e+02
2329	6.67139e+02	2.32900e+03	-1.55529e-02	6.66333e+02
2330	6.67476e+02	2.33000e+03	-1.55497e-02	6.66667e+02
2331	6.67806e+02	2.33100e+03	-1.55455e-02	6.67000e+02
2332	6.68128e+02	2.33200e+03	-1.55324e-02	6.67333e+02
2333	6.68464e+02	2.33300e+03	-1.55266e-02	6.67667e+02
2334	6.68791e+02	2.33400e+03	-1.55239e-02	6.68000e+02
2335	6.69126e+02	2.33500e+03	-1.55230e-02	6.68333e+02
2336	6.69455e+02	2.33600e+03	-1.55266e-02	6.68667e+02
2337	6.69788e+02	2.33700e+03	-1.55252e-02	6.69000e+02
2338	6.70130e+02	2.33800e+03	-1.55208e-02	6.69333e+02
2339	6.70466e+02	2.33900e+03	-1.55148e-02	6.69667e+02
2340	6.70786e+02	2.34000e+03	-1.55102e-02	6.70000e+02
2341	6.71117e+02	2.34100e+03	-1.55111e-02	6.70333e+02
2342	6.71449e+02	2.34200e+03	-1.55159e-02	6.70667e+02
2343	6.71785e+02	2.34300e+03	-1.55225e-02	6.71000e+02
2344	6.72117e+02	2.34400e+03	-1.55412e-02	6.71333e+02
2345	6.72451e+02	2.34500e+03	-1.55571e-02	6.71667e+02
2346	6.72776e+02	2.34600e+03	-1.55726e-02	6.72000e+02
2347	6.73116e+02	2.34700e+03	-1.55885e-02	6.72333e+02
2348	6.73447e+02	2.34800e+03	-1.56083e-02	6.72667e+02
2349	6.73786e+02	2.34900e+03	-1.56242e-02	6.73000e+02
2350	6.74106e+02	2.35000e+03	-1.56393e-02	6.73333e+02
2351	6.74444e+02	2.35100e+03	-1.56543e-02	6.73667e+02
2352	6.74770e+02	2.35200e+03	-1.56645e-02	6.74000e+02
2353	6.75091e+02	2.35300e+03	-1.56778e-02	6.74333e+02
2354	6.75422e+02	2.35400e+03	-1.56910e-02	6.74667e+02
2355	6.75753e+02	2.35500e+03	-1.57022e-02	6.75000e+02
2356	6.76086e+02	2.35600e+03	-1.57058e-02	6.75333e+02
2357	6.76411e+02	2.35700e+03	-1.57034e-02	6.75667e+02
2358	6.76748e+02	2.35800e+03	-1.56957e-02	6.76000e+02
2359	6.77080e+02	2.35900e+03	-1.56845e-02	6.76333e+02
2360	6.77405e+02	2.36000e+03	-1.56549e-02	6.76667e+02
2361	6.77741e+02	2.36100e+03	-1.56339e-02	6.77000e+02
2362	6.78066e+02	2.36200e+03	-1.56153e-02	6.77333e+02
2363	6.78396e+02	2.36300e+03	-1.55987e-02	6.77667e+02
2364	6.78730e+02	2.36400e+03	-1.55870e-02	6.78000e+02
2365	6.79059e+02	2.36500e+03	-1.55799e-02	6.78333e+02
2366	6.79399e+02	2.36600e+03	-1.55768e-02	6.78667e+02
2367	6.79728e+02	2.36700e+03	-1.55751e-02	6.79000e+02
2368	6.80056e+02	2.36800e+03	-1.55892e-02	6.79333e+02
2369	6.80381e+02	2.36900e+03	-1.55981e-02	6.79667e+02
2370	6.80713e+02	2.37000e+03	-1.56069e-02	6.80000e+02
2371	6.81037e+02	2.37100e+03	-1.56166e-02	6.80333e+02
2372	6.81374e+02	2.37200e+03	-1.56317e-02	6.80667e+02
2373	6.81696e+02	2.37300e+03	-1.56458e-02	6.81000e+02
2374	6.82022e+02	2.37400e+03	-1.56602e-02	6.81333e+02
2375	6.82359e+02	2.37500e+03	-1.56741e-02	6.81667e+02
2376	6.82696e+02	2.37600e+03	-1.56868e-02	6.82000e+02
2377	6.83021e+02	2.37700e+03	-1.56975e-02	6.82333e+02
2378	6.83356e+02	2.37800e+03	-1.57061e-02	6.82667e+02
2379	6.83685e+02	2.37900e+03	-1.57132e-02	6.83000e+02
2380	6.84011e+02	2.38000e+03	-1.57152e-02	6.83333e+02
2381	6.84351e+02	2.38100e+03	-1.57202e-02	6.83667e+02
2382	6.84684e+02	2.38200e+03	-1.57240e-02	6.84000e+02
2383	6.85007e+02	2.38300e+03	-1.57262e-02	6.84333e+02
2384	6.85327e+02	2.38400e+03	-1.57227e-02	6.84667e+02
2385	6.85657e+02	2.38500e+03	-1.57187e-02	6.85000e+02
2386	6.85996e+02	2.38600e+03	-1.57162e-02	6.85333e+02
2387	6.86321e+02	2.38700e+03	-1.57152e-02	6.85667e+02
2388	6.86652e+02	2.38800e+03	-1.57121e-02	6.86000e+02
2389	6.86978e+02	2.38900e+03	-1.57142e-02	6.86333e+02
2390	6.87307e+02	2.39000e+03	-1.57184e-02	6.86667e+02
2391	6.87637e+02	2.39100e+03	-1.57235e-02	6.87000e+02
2392	6.87966e+02	2.39200e+03	-1.57363e-02	6.87333e+02
2393	6.88300e+02	2.39300e+03	-1.57430e-02	6.87667e+02
2394	6.88628e+02	2.39400e+03	-1.57481e-02	6.88000e+02
2395	6.88973e+02	2.39500e+03	-1.57523e-02	6.88333e+02
2396	6.89300e+02	2.39600e+03	-1.57532e-02	6.88667e+02
2397	6.89629e+02	2.39700e+03	-1.57573e-02	6.89000e+02
2398	6.89953e+02	2.39800e+03	-1.57628e-02	6.89333e+02
2399	6.90289e+02	2.39900e+03	-1.57691e-02	6.89667e+02
2400	6.90622e+02	2.40000e+03	-1.57749e-02	6.90000e+02
2401	6.90946e+02	2.40100e+03	-1.57769e-02	6.90333e+02
2402	6.91275e+02	2.40200e+03	-1.57748e-02	6.90667e+02
2403	6.91609e+02	2.40300e+03	-1.57695e-02	6.91000e+02
2404	6.91941e+02	2.40400e+03	-1.57539e-02	6.91333e+02
2405	6.92084e+02	2.40500e+03	-1.57400e-02	6.91667e+02
2406	6.92231e+02	2.40600e+03	-1.57266e-02	6.92000e+02
2407	6.92446e+02	2.40700e+03	-1.57143e-02	6.92333e+02
2408	6.92693e+02	2.40800e+03	-1.56978e-02	6.92667e+02
2409	6.92955e+02	2.40900e+03	-1.56874e-02	6.93000e+02
2410	6.93199e+02	2.41000e+03	-1.56814e-02	6.93333e+02
2411	6.93432e+02	2.41100e+03	-1.56789e-02	6.93667e+02
2412	6.93655e+02	2.41200e+03	-1.56862e-02	6.94000e+02
2413	6.93885e+02	2.41300e+03	-1.56916e-02	6.94333e+02
2414	6.94106e+02	2.41400e+03	-1.56996e-02	6.94667e+02
2415	6.94307e+02	2.41500e+03	-1.57092e-02	6.95000e+02
2416	6.94509e+02	2.41600e+03	-1.57228e-02	6.95333e+02
2417	6.94708e+02	2.41700e+03	-1.57334e-02	6.95667e+02
2418	6.94893e+02	2.41800e+03	-1.57429e-02	6.96000e+02
2419	6.95067e+02	2.41900e+03	-1.57516e-02	6.96333e+02
2420	6.95246e+02	2.42000e+03	-1.57564e-02	6.96667e+02
2421	6.95416e+02	2.42100e+03	-1.57608e-02	6.97000e+02
2422	6.95577e+02	2.42200e+03	-1.57650e-02	6.97333e+02
2423	6.95738e+02	2.42300e+03	-1.57689e-02	6.97667e+02
2424	6.95892e+02	2.42400e+03	-1.57660e-02	6.98000e+02
2425	6.96044e+02	2.42500e+03	-1.57625e-02	6.98333e+02
2426	6.96183e+02	2.42600e+03	-1.57568e-02	6.98667e+02
2427	6.96326e+02	2.42700e+03	-1.57495e-02	6.99000e+02
2428	6.96458e+02	2.42800e+03	-1.57369e-02	6.99333e+02
2429	6.96599e+02	2.42900e+03	-1.57266e-02	6.99667e+02
2430	6.96724e+02	2.43000e+03	-1.57167e-02	7.00000e+02
