index	ts	t	weight	tr
[#]	[°C]	[s]	[mg]	[°C]
683	1.31057e+02	6.83000e+02	1.02895e+00	1.31500e+02
684	1.31566e+02	6.84000e+02	1.02895e+00	1.32000e+02
685	1.32056e+02	6.85000e+02	1.02895e+00	1.32500e+02
686	1.32576e+02	6.86000e+02	1.02894e+00	1.33000e+02
687	1.33067e+02	6.87000e+02	1.02894e+00	1.33500e+02
688	1.33567e+02	6.88000e+02	1.02894e+00	1.34000e+02
689	1.34069e+02	6.89000e+02	1.02893e+00	1.34500e+02
690	1.34568e+02	6.90000e+02	1.02892e+00	1.35000e+02
691	1.35069e+02	6.91000e+02	1.02890e+00	1.35500e+02
692	1.35563e+02	6.92000e+02	1.02886e+00	1.36000e+02
693	1.36073e+02	6.93000e+02	1.02882e+00	1.36500e+02
694	1.36582e+02	6.94000e+02	1.02878e+00	1.37000e+02
695	1.37095e+02	6.95000e+02	1.02874e+00	1.37500e+02
696	1.37572e+02	6.96000e+02	1.02868e+00	1.38000e+02
697	1.38077e+02	6.97000e+02	1.02863e+00	1.38500e+02
698	1.38570e+02	6.98000e+02	1.02858e+00	1.39000e+02
699	1.39071e+02	6.99000e+02	1.02854e+00	1.39500e+02
700	1.39570e+02	7.00000e+02	1.02851e+00	1.40000e+02
701	1.40083e+02	7.01000e+02	1.02848e+00	1.40500e+02
702	1.40588e+02	7.02000e+02	1.02846e+00	1.41000e+02
703	1.41086e+02	7.03000e+02	1.02844e+00	1.41500e+02
704	1.41591e+02	7.04000e+02	1.02843e+00	1.42000e+02
705	1.42088e+02	7.05000e+02	1.02842e+00	1.42500e+02
706	1.42588e+02	7.06000e+02	1.02840e+00	1.43000e+02
707	1.43094e+02	7.07000e+02	1.02839e+00	1.43500e+02
708	1.43592e+02	7.08000e+02	1.02837e+00	1.44000e+02
709	1.44087e+02	7.09000e+02	1.02835e+00	1.44500e+02
710	1.44595e+02	7.10000e+02	1.02833e+00	1.45000e+02
711	1.45097e+02	7.11000e+02	1.02830e+00	1.45500e+02
712	1.45600e+02	7.12000e+02	1.02826e+00	1.46000e+02
713	1.46118e+02	7.13000e+02	1.02823e+00	1.46500e+02
714	1.46605e+02	7.14000e+02	1.02819e+00	1.47000e+02
715	1.47101e+02	7.15000e+02	1.02816e+00	1.47500e+02
716	1.47612e+02	7.16000e+02	1.02812e+00	1.48000e+02
717	1.48108e+02	7.17000e+02	1.02808e+00	1.48500e+02
718	1.48613e+02	7.18000e+02	1.02803e+00	1.49000e+02
719	1.49120e+02	7.19000e+02	1.02798e+00	1.49500e+02
720	1.49624e+02	7.20000e+02	1.02792e+00	1.50000e+02
721	1.50110e+02	7.21000e+02	1.02786e+00	1.50500e+02
722	1.50627e+02	7.22000e+02	1.02780e+00	1.51000e+02
723	1.51131e+02	7.23000e+02	1.02774e+00	1.51500e+02
724	1.51625e+02	7.24000e+02	1.02767e+00	1.52000e+02
725	1.52123e+02	7.25000e+02	1.02760e+00	1.52500e+02
726	1.52635e+02	7.26000e+02	1.02754e+00	1.53000e+02
727	1.53121e+02	7.27000e+02	1.02747e+00	1.53500e+02
728	1.53634e+02	7.28000e+02	1.02741e+00	1.54000e+02
729	1.54126e+02	7.29000e+02	1.02734e+00	1.54500e+02
730	1.54633e+02	7.30000e+02	1.02726e+00	1.55000e+02
731	1.55125e+02	7.31000e+02	1.02719e+00	1.55500e+02
732	1.55636e+02	7.32000e+02	1.02711e+00	1.56000e+02
733	1.56144e+02	7.33000e+02	1.02703e+00	1.56500e+02
734	1.56637e+02	7.34000e+02	1.02696e+00	1.57000e+02
735	1.57144e+02	7.35000e+02	1.02689e+00	1.57500e+02
736	1.57657e+02	7.36000e+02	1.02683e+00	1.58000e+02
737	1.58156e+02	7.37000e+02	1.02677e+00	1.58500e+02
738	1.58660e+02	7.38000e+02	1.02671e+00	1.59000e+02
739	1.59163e+02	7.39000e+02	1.02666e+00	1.59500e+02
740	1.59671e+02	7.40000e+02	1.02662e+00	1.60000e+02
741	1.60170e+02	7.41000e+02	1.02658e+00	1.60500e+02
742	1.60671e+02	7.42000e+02	1.02652e+00	1.61000e+02
743	1.61179e+02	7.43000e+02	1.02646e+00	1.61500e+02
744	1.61683e+02	7.44000e+02	1.02639e+00	1.62000e+02
745	1.62194e+02	7.45000e+02	1.02631e+00	1.62500e+02
746	1.62697e+02	7.46000e+02	1.02623e+00	1.63000e+02
747	1.63199e+02	7.47000e+02	1.02615e+00	1.63500e+02
748	1.63697e+02	7.48000e+02	1.02605e+00	1.64000e+02
749	1.64204e+02	7.49000e+02	1.02595e+00	1.64500e+02
750	1.64709e+02	7.50000e+02	1.02586e+00	1.65000e+02
751	1.65216e+02	7.51000e+02	1.02577e+00	1.65500e+02
752	1.65711e+02	7.52000e+02	1.02567e+00	1.66000e+02
753	1.66210e+02	7.53000e+02	1.02558e+00	1.66500e+02
754	1.66717e+02	7.54000e+02	1.02548e+00	1.67000e+02
755	1.67224e+02	7.55000e+02	1.02538e+00	1.67500e+02
756	1.67729e+02	7.56000e+02	1.02528e+00	1.68000e+02
757	1.68231e+02	7.57000e+02	1.02518e+00	1.68500e+02
758	1.68741e+02	7.58000e+02	1.02507e+00	1.69000e+02
759	1.69235e+02	7.59000e+02	1.02496e+00	1.69500e+02
760	1.69746e+02	7.60000e+02	1.02483e+00	1.70000e+02
761	1.70257e+02	7.61000e+02	1.02470e+00	1.70500e+02
762	1.70756e+02	7.62000e+02	1.02457e+00	1.71000e+02
763	1.71255e+02	7.63000e+02	1.02443e+00	1.71500e+02
764	1.71766e+02	7.64000e+02	1.02426e+00	1.72000e+02
765	1.72271e+02	7.65000e+02	1.02411e+00	1.72500e+02
766	1.72773e+02	7.66000e+02	1.02395e+00	1.73000e+02
767	1.73276e+02	7.67000e+02	1.02379e+00	1.73500e+02
768	1.73781e+02	7.68000e+02	1.02364e+00	1.74000e+02
769	1.74298e+02	7.69000e+02	1.02348e+00	1.74500e+02
770	1.74786e+02	7.70000e+02	1.02334e+00	1.75000e+02
771	1.75288e+02	7.71000e+02	1.02320e+00	1.75500e+02
772	1.75791e+02	7.72000e+02	1.02307e+00	1.76000e+02
773	1.76312e+02	7.73000e+02	1.02294e+00	1.76500e+02
774	1.76812e+02	7.74000e+02	1.02279e+00	1.77000e+02
775	1.77321e+02	7.75000e+02	1.02264e+00	1.77500e+02
776	1.77815e+02	7.76000e+02	1.02248e+00	1.78000e+02
777	1.78332e+02	7.77000e+02	1.02230e+00	1.78500e+02
778	1.78828e+02	7.78000e+02	1.02212e+00	1.79000e+02
779	1.79336e+02	7.79000e+02	1.02192e+00	1.79500e+02
780	1.79839e+02	7.80000e+02	1.02168e+00	1.80000e+02
781	1.80345e+02	7.81000e+02	1.02144e+00	1.80500e+02
782	1.80849e+02	7.82000e+02	1.02120e+00	1.81000e+02
783	1.81354e+02	7.83000e+02	1.02095e+00	1.81500e+02
784	1.81863e+02	7.84000e+02	1.02067e+00	1.82000e+02
785	1.82374e+02	7.85000e+02	1.02041e+00	1.82500e+02
786	1.82871e+02	7.86000e+02	1.02014e+00	1.83000e+02
787	1.83381e+02	7.87000e+02	1.01987e+00	1.83500e+02
788	1.83890e+02	7.88000e+02	1.01958e+00	1.84000e+02
789	1.84387e+02	7.89000e+02	1.01928e+00	1.84500e+02
790	1.84892e+02	7.90000e+02	1.01897e+00	1.85000e+02
791	1.85408e+02	7.91000e+02	1.01865e+00	1.85500e+02
792	1.85905e+02	7.92000e+02	1.01827e+00	1.86000e+02
793	1.86421e+02	7.93000e+02	1.01791e+00	1.86500e+02
794	1.86918e+02	7.94000e+02	1.01753e+00	1.87000e+02
795	1.87434e+02	7.95000e+02	1.01714e+00	1.87500e+02
796	1.87944e+02	7.96000e+02	1.01670e+00	1.88000e+02
797	1.88455e+02	7.97000e+02	1.01628e+00	1.88500e+02
798	1.88957e+02	7.98000e+02	1.01585e+00	1.89000e+02
799	1.89461e+02	7.99000e+02	1.01541e+00	1.89500e+02
800	1.89969e+02	8.00000e+02	1.01494e+00	1.90000e+02
801	1.90480e+02	8.01000e+02	1.01448e+00	1.90500e+02
802	1.90983e+02	8.02000e+02	1.01402e+00	1.91000e+02
803	1.91491e+02	8.03000e+02	1.01356e+00	1.91500e+02
804	1.92001e+02	8.04000e+02	1.01308e+00	1.92000e+02
805	1.92515e+02	8.05000e+02	1.01261e+00	1.92500e+02
806	1.93021e+02	8.06000e+02	1.01214e+00	1.93000e+02
807	1.93548e+02	8.07000e+02	1.01166e+00	1.93500e+02
808	1.94053e+02	8.08000e+02	1.01118e+00	1.94000e+02
809	1.94542e+02	8.09000e+02	1.01070e+00	1.94500e+02
810	1.95057e+02	8.10000e+02	1.01023e+00	1.95000e+02
811	1.95560e+02	8.11000e+02	1.00975e+00	1.95500e+02
812	1.96075e+02	8.12000e+02	1.00926e+00	1.96000e+02
813	1.96581e+02	8.13000e+02	1.00878e+00	1.96500e+02
814	1.97085e+02	8.14000e+02	1.00829e+00	1.97000e+02
815	1.97583e+02	8.15000e+02	1.00781e+00	1.97500e+02
816	1.98095e+02	8.16000e+02	1.00732e+00	1.98000e+02
817	1.98598e+02	8.17000e+02	1.00684e+00	1.98500e+02
818	1.99105e+02	8.18000e+02	1.00637e+00	1.99000e+02
819	1.99600e+02	8.19000e+02	1.00589e+00	1.99500e+02
820	2.00116e+02	8.20000e+02	1.00544e+00	2.00000e+02
821	2.00623e+02	8.21000e+02	1.00498e+00	2.00500e+02
822	2.01136e+02	8.22000e+02	1.00453e+00	2.01000e+02
823	2.01660e+02	8.23000e+02	1.00409e+00	2.01500e+02
824	2.02161e+02	8.24000e+02	1.00367e+00	2.02000e+02
825	2.02679e+02	8.25000e+02	1.00326e+00	2.02500e+02
826	2.03188e+02	8.26000e+02	1.00285e+00	2.03000e+02
827	2.03700e+02	8.27000e+02	1.00245e+00	2.03500e+02
828	2.04210e+02	8.28000e+02	1.00208e+00	2.04000e+02
829	2.04716e+02	8.29000e+02	1.00171e+00	2.04500e+02
830	2.05226e+02	8.30000e+02	1.00134e+00	2.05000e+02
831	2.05732e+02	8.31000e+02	1.00098e+00	2.05500e+02
832	2.06241e+02	8.32000e+02	1.00064e+00	2.06000e+02
833	2.06753e+02	8.33000e+02	1.00031e+00	2.06500e+02
834	2.07269e+02	8.34000e+02	9.99976e-01	2.07000e+02
835	2.07804e+02	8.35000e+02	9.99652e-01	2.07500e+02
836	2.08346e+02	8.36000e+02	9.99353e-01	2.08000e+02
837	2.08861e+02	8.37000e+02	9.99044e-01	2.08500e+02
838	2.09399e+02	8.38000e+02	9.98734e-01	2.09000e+02
839	2.09903e+02	8.39000e+02	9.98425e-01	2.09500e+02
840	2.10445e+02	8.40000e+02	9.98130e-01	2.10000e+02
841	2.10994e+02	8.41000e+02	9.97839e-01	2.10500e+02
842	2.11506e+02	8.42000e+02	9.97558e-01	2.11000e+02
843	2.12024e+02	8.43000e+02	9.97287e-01	2.11500e+02
844	2.12538e+02	8.44000e+02	9.97054e-01	2.12000e+02
845	2.13053e+02	8.45000e+02	9.96827e-01	2.12500e+02
846	2.13567e+02	8.46000e+02	9.96614e-01	2.13000e+02
847	2.14080e+02	8.47000e+02	9.96411e-01	2.13500e+02
848	2.14612e+02	8.48000e+02	9.96270e-01	2.14000e+02
849	2.15126e+02	8.49000e+02	9.96112e-01	2.14500e+02
850	2.15646e+02	8.50000e+02	9.95961e-01	2.15000e+02
851	2.16162e+02	8.51000e+02	9.95818e-01	2.15500e+02
852	2.16687e+02	8.52000e+02	9.95718e-01	2.16000e+02
853	2.17219e+02	8.53000e+02	9.95614e-01	2.16500e+02
854	2.17758e+02	8.54000e+02	9.95515e-01	2.17000e+02
855	2.18292e+02	8.55000e+02	9.95422e-01	2.17500e+02
856	2.18797e+02	8.56000e+02	9.95356e-01	2.18000e+02
857	2.19286e+02	8.57000e+02	9.95270e-01	2.18500e+02
858	2.19793e+02	8.58000e+02	9.95172e-01	2.19000e+02
859	2.20310e+02	8.59000e+02	9.95069e-01	2.19500e+02
860	2.20840e+02	8.60000e+02	9.94952e-01	2.20000e+02
861	2.21368e+02	8.61000e+02	9.94839e-01	2.20500e+02
862	2.21890e+02	8.62000e+02	9.94728e-01	2.21000e+02
863	2.22419e+02	8.63000e+02	9.94620e-01	2.21500e+02
864	2.22945e+02	8.64000e+02	9.94509e-01	2.22000e+02
865	2.23470e+02	8.65000e+02	9.94401e-01	2.22500e+02
866	2.23999e+02	8.66000e+02	9.94292e-01	2.23000e+02
867	2.24529e+02	8.67000e+02	9.94182e-01	2.23500e+02
868	2.25046e+02	8.68000e+02	9.94077e-01	2.24000e+02
869	2.25545e+02	8.69000e+02	9.93965e-01	2.24500e+02
870	2.26060e+02	8.70000e+02	9.93850e-01	2.25000e+02
871	2.26578e+02	8.71000e+02	9.93737e-01	2.25500e+02
872	2.27075e+02	8.72000e+02	9.93616e-01	2.26000e+02
873	2.27583e+02	8.73000e+02	9.93501e-01	2.26500e+02
874	2.28078e+02	8.74000e+02	9.93388e-01	2.27000e+02
875	2.28605e+02	8.75000e+02	9.93275e-01	2.27500e+02
876	2.29109e+02	8.76000e+02	9.93170e-01	2.28000e+02
877	2.29633e+02	8.77000e+02	9.93060e-01	2.28500e+02
878	2.30151e+02	8.78000e+02	9.92948e-01	2.29000e+02
879	2.30658e+02	8.79000e+02	9.92832e-01	2.29500e+02
880	2.31156e+02	8.80000e+02	9.92703e-01	2.30000e+02
881	2.31673e+02	8.81000e+02	9.92571e-01	2.30500e+02
882	2.32184e+02	8.82000e+02	9.92435e-01	2.31000e+02
883	2.32691e+02	8.83000e+02	9.92298e-01	2.31500e+02
884	2.33205e+02	8.84000e+02	9.92147e-01	2.32000e+02
885	2.33712e+02	8.85000e+02	9.92007e-01	2.32500e+02
886	2.34227e+02	8.86000e+02	9.91869e-01	2.33000e+02
887	2.34735e+02	8.87000e+02	9.91732e-01	2.33500e+02
888	2.35235e+02	8.88000e+02	9.91607e-01	2.34000e+02
889	2.35752e+02	8.89000e+02	9.91482e-01	2.34500e+02
890	2.36258e+02	8.90000e+02	9.91359e-01	2.35000e+02
891	2.36769e+02	8.91000e+02	9.91237e-01	2.35500e+02
892	2.37282e+02	8.92000e+02	9.91121e-01	2.36000e+02
893	2.37787e+02	8.93000e+02	9.90999e-01	2.36500e+02
894	2.38308e+02	8.94000e+02	9.90875e-01	2.37000e+02
895	2.38805e+02	8.95000e+02	9.90750e-01	2.37500e+02
896	2.39310e+02	8.96000e+02	9.90623e-01	2.38000e+02
897	2.39817e+02	8.97000e+02	9.90503e-01	2.38500e+02
898	2.40324e+02	8.98000e+02	9.90389e-01	2.39000e+02
899	2.40825e+02	8.99000e+02	9.90278e-01	2.39500e+02
900	2.41331e+02	9.00000e+02	9.90180e-01	2.40000e+02
901	2.41830e+02	9.01000e+02	9.90081e-01	2.40500e+02
902	2.42344e+02	9.02000e+02	9.89981e-01	2.41000e+02
903	2.42835e+02	9.03000e+02	9.89880e-01	2.41500e+02
904	2.43344e+02	9.04000e+02	9.89785e-01	2.42000e+02
905	2.43852e+02	9.05000e+02	9.89681e-01	2.42500e+02
906	2.44351e+02	9.06000e+02	9.89573e-01	2.43000e+02
907	2.44855e+02	9.07000e+02	9.89464e-01	2.43500e+02
908	2.45351e+02	9.08000e+02	9.89338e-01	2.44000e+02
909	2.45865e+02	9.09000e+02	9.89218e-01	2.44500e+02
910	2.46363e+02	9.10000e+02	9.89098e-01	2.45000e+02
911	2.46866e+02	9.11000e+02	9.88978e-01	2.45500e+02
912	2.47368e+02	9.12000e+02	9.88856e-01	2.46000e+02
913	2.47872e+02	9.13000e+02	9.88737e-01	2.46500e+02
914	2.48384e+02	9.14000e+02	9.88618e-01	2.47000e+02
915	2.48879e+02	9.15000e+02	9.88498e-01	2.47500e+02
916	2.49399e+02	9.16000e+02	9.88380e-01	2.48000e+02
917	2.49904e+02	9.17000e+02	9.88264e-01	2.48500e+02
918	2.50411e+02	9.18000e+02	9.88150e-01	2.49000e+02
919	2.50917e+02	9.19000e+02	9.88036e-01	2.49500e+02
920	2.51424e+02	9.20000e+02	9.87928e-01	2.50000e+02
921	2.51931e+02	9.21000e+02	9.87824e-01	2.50500e+02
922	2.52438e+02	9.22000e+02	9.87727e-01	2.51000e+02
923	2.52941e+02	9.23000e+02	9.87635e-01	2.51500e+02
924	2.53446e+02	9.24000e+02	9.87563e-01	2.52000e+02
925	2.53944e+02	9.25000e+02	9.87489e-01	2.52500e+02
926	2.54454e+02	9.26000e+02	9.87417e-01	2.53000e+02
927	2.54950e+02	9.27000e+02	9.87345e-01	2.53500e+02
928	2.55457e+02	9.28000e+02	9.87280e-01	2.54000e+02
929	2.55949e+02	9.29000e+02	9.87199e-01	2.54500e+02
930	2.56455e+02	9.30000e+02	9.87108e-01	2.55000e+02
931	2.56956e+02	9.31000e+02	9.87013e-01	2.55500e+02
932	2.57458e+02	9.32000e+02	9.86892e-01	2.56000e+02
933	2.57957e+02	9.33000e+02	9.86784e-01	2.56500e+02
934	2.58456e+02	9.34000e+02	9.86680e-01	2.57000e+02
935	2.58956e+02	9.35000e+02	9.86579e-01	2.57500e+02
936	2.59465e+02	9.36000e+02	9.86477e-01	2.58000e+02
937	2.59962e+02	9.37000e+02	9.86380e-01	2.58500e+02
938	2.60464e+02	9.38000e+02	9.86284e-01	2.59000e+02
939	2.60971e+02	9.39000e+02	9.86190e-01	2.59500e+02
940	2.61490e+02	9.40000e+02	9.86108e-01	2.60000e+02
941	2.61983e+02	9.41000e+02	9.86021e-01	2.60500e+02
942	2.62501e+02	9.42000e+02	9.85936e-01	2.61000e+02
943	2.63006e+02	9.43000e+02	9.85853e-01	2.61500e+02
944	2.63506e+02	9.44000e+02	9.85777e-01	2.62000e+02
945	2.64021e+02	9.45000e+02	9.85702e-01	2.62500e+02
946	2.64532e+02	9.46000e+02	9.85630e-01	2.63000e+02
947	2.65031e+02	9.47000e+02	9.85560e-01	2.63500e+02
948	2.65532e+02	9.48000e+02	9.85501e-01	2.64000e+02
949	2.66034e+02	9.49000e+02	9.85437e-01	2.64500e+02
950	2.66543e+02	9.50000e+02	9.85370e-01	2.65000e+02
951	2.67046e+02	9.51000e+02	9.85302e-01	2.65500e+02
952	2.67554e+02	9.52000e+02	9.85223e-01	2.66000e+02
953	2.68064e+02	9.53000e+02	9.85137e-01	2.66500e+02
954	2.68560e+02	9.54000e+02	9.85044e-01	2.67000e+02
955	2.69064e+02	9.55000e+02	9.84947e-01	2.67500e+02
956	2.69571e+02	9.56000e+02	9.84829e-01	2.68000e+02
957	2.70083e+02	9.57000e+02	9.84726e-01	2.68500e+02
958	2.70587e+02	9.58000e+02	9.84629e-01	2.69000e+02
959	2.71085e+02	9.59000e+02	9.84534e-01	2.69500e+02
960	2.71602e+02	9.60000e+02	9.84450e-01	2.70000e+02
961	2.72118e+02	9.61000e+02	9.84367e-01	2.70500e+02
962	2.72628e+02	9.62000e+02	9.84286e-01	2.71000e+02
963	2.73125e+02	9.63000e+02	9.84206e-01	2.71500e+02
964	2.73631e+02	9.64000e+02	9.84138e-01	2.72000e+02
965	2.74133e+02	9.65000e+02	9.84062e-01	2.72500e+02
966	2.74631e+02	9.66000e+02	9.83980e-01	2.73000e+02
967	2.75137e+02	9.67000e+02	9.83894e-01	2.73500e+02
968	2.75642e+02	9.68000e+02	9.83789e-01	2.74000e+02
969	2.76141e+02	9.69000e+02	9.83677e-01	2.74500e+02
970	2.76647e+02	9.70000e+02	9.83557e-01	2.75000e+02
971	2.77148e+02	9.71000e+02	9.83433e-01	2.75500e+02
972	2.77648e+02	9.72000e+02	9.83280e-01	2.76000e+02
973	2.78140e+02	9.73000e+02	9.83142e-01	2.76500e+02
974	2.78654e+02	9.74000e+02	9.83009e-01	2.77000e+02
975	2.79154e+02	9.75000e+02	9.82877e-01	2.77500e+02
976	2.79638e+02	9.76000e+02	9.82742e-01	2.78000e+02
977	2.80145e+02	9.77000e+02	9.82602e-01	2.78500e+02
978	2.80649e+02	9.78000e+02	9.82456e-01	2.79000e+02
979	2.81147e+02	9.79000e+02	9.82306e-01	2.79500e+02
980	2.81662e+02	9.80000e+02	9.82143e-01	2.80000e+02
981	2.82153e+02	9.81000e+02	9.81979e-01	2.80500e+02
982	2.82663e+02	9.82000e+02	9.81813e-01	2.81000e+02
983	2.83161e+02	9.83000e+02	9.81645e-01	2.81500e+02
984	2.83651e+02	9.84000e+02	9.81464e-01	2.82000e+02
985	2.84172e+02	9.85000e+02	9.81291e-01	2.82500e+02
986	2.84679e+02	9.86000e+02	9.81120e-01	2.83000e+02
987	2.85183e+02	9.87000e+02	9.80949e-01	2.83500e+02
988	2.85689e+02	9.88000e+02	9.80780e-01	2.84000e+02
989	2.86190e+02	9.89000e+02	9.80605e-01	2.84500e+02
990	2.86695e+02	9.90000e+02	9.80423e-01	2.85000e+02
991	2.87192e+02	9.91000e+02	9.80237e-01	2.85500e+02
992	2.87696e+02	9.92000e+02	9.80039e-01	2.86000e+02
993	2.88211e+02	9.93000e+02	9.79840e-01	2.86500e+02
994	2.88705e+02	9.94000e+02	9.79639e-01	2.87000e+02
995	2.89201e+02	9.95000e+02	9.79435e-01	2.87500e+02
996	2.89688e+02	9.96000e+02	9.79209e-01	2.88000e+02
997	2.90195e+02	9.97000e+02	9.78977e-01	2.88500e+02
998	2.90703e+02	9.98000e+02	9.78732e-01	2.89000e+02
999	2.91202e+02	9.99000e+02	9.78474e-01	2.89500e+02
1000	2.91710e+02	1.00000e+03	9.78168e-01	2.90000e+02
1001	2.92237e+02	1.00100e+03	9.77860e-01	2.90500e+02
1002	2.92740e+02	1.00200e+03	9.77539e-01	2.91000e+02
1003	2.93237e+02	1.00300e+03	9.77206e-01	2.91500e+02
1004	2.93716e+02	1.00400e+03	9.76804e-01	2.92000e+02
1005	2.94219e+02	1.00500e+03	9.76417e-01	2.92500e+02
1006	2.94718e+02	1.00600e+03	9.76026e-01	2.93000e+02
1007	2.95215e+02	1.00700e+03	9.75629e-01	2.93500e+02
1008	2.95712e+02	1.00800e+03	9.75201e-01	2.94000e+02
1009	2.96221e+02	1.00900e+03	9.74790e-01	2.94500e+02
1010	2.96726e+02	1.01000e+03	9.74379e-01	2.95000e+02
1011	2.97232e+02	1.01100e+03	9.73966e-01	2.95500e+02
1012	2.97728e+02	1.01200e+03	9.73553e-01	2.96000e+02
1013	2.98232e+02	1.01300e+03	9.73135e-01	2.96500e+02
1014	2.98720e+02	1.01400e+03	9.72706e-01	2.97000e+02
1015	2.99211e+02	1.01500e+03	9.72268e-01	2.97500e+02
1016	2.99709e+02	1.01600e+03	9.71793e-01	2.98000e+02
1017	3.00195e+02	1.01700e+03	9.71310e-01	2.98500e+02
1018	3.00695e+02	1.01800e+03	9.70814e-01	2.99000e+02
1019	3.01190e+02	1.01900e+03	9.70311e-01	2.99500e+02
1020	3.01674e+02	1.02000e+03	9.69760e-01	3.00000e+02
1021	3.02163e+02	1.02100e+03	9.69235e-01	3.00500e+02
1022	3.02637e+02	1.02200e+03	9.68709e-01	3.01000e+02
1023	3.03138e+02	1.02300e+03	9.68178e-01	3.01500e+02
1024	3.03618e+02	1.02400e+03	9.67631e-01	3.02000e+02
1025	3.04095e+02	1.02500e+03	9.67071e-01	3.02500e+02
1026	3.04598e+02	1.02600e+03	9.66495e-01	3.03000e+02
1027	3.05096e+02	1.02700e+03	9.65907e-01	3.03500e+02
1028	3.05585e+02	1.02800e+03	9.65265e-01	3.04000e+02
1029	3.06072e+02	1.02900e+03	9.64631e-01	3.04500e+02
1030	3.06559e+02	1.03000e+03	9.63986e-01	3.05000e+02
1031	3.07032e+02	1.03100e+03	9.63332e-01	3.05500e+02
1032	3.07526e+02	1.03200e+03	9.62625e-01	3.06000e+02
1033	3.08006e+02	1.03300e+03	9.61930e-01	3.06500e+02
1034	3.08493e+02	1.03400e+03	9.61229e-01	3.07000e+02
1035	3.08984e+02	1.03500e+03	9.60521e-01	3.07500e+02
1036	3.09465e+02	1.03600e+03	9.59772e-01	3.08000e+02
1037	3.09951e+02	1.03700e+03	9.59025e-01	3.08500e+02
1038	3.10439e+02	1.03800e+03	9.58265e-01	3.09000e+02
1039	3.10924e+02	1.03900e+03	9.57492e-01	3.09500e+02
1040	3.11406e+02	1.04000e+03	9.56662e-01	3.10000e+02
1041	3.11889e+02	1.04100e+03	9.55827e-01	3.10500e+02
1042	3.12382e+02	1.04200e+03	9.54969e-01	3.11000e+02
1043	3.12864e+02	1.04300e+03	9.54094e-01	3.11500e+02
1044	3.13352e+02	1.04400e+03	9.53128e-01	3.12000e+02
1045	3.13846e+02	1.04500e+03	9.52176e-01	3.12500e+02
1046	3.14327e+02	1.04600e+03	9.51210e-01	3.13000e+02
1047	3.14830e+02	1.04700e+03	9.50232e-01	3.13500e+02
1048	3.15320e+02	1.04800e+03	9.49195e-01	3.14000e+02
1049	3.15801e+02	1.04900e+03	9.48196e-01	3.14500e+02
1050	3.16293e+02	1.05000e+03	9.47211e-01	3.15000e+02
1051	3.16780e+02	1.05100e+03	9.46233e-01	3.15500e+02
1052	3.17282e+02	1.05200e+03	9.45281e-01	3.16000e+02
1053	3.17765e+02	1.05300e+03	9.44335e-01	3.16500e+02
1054	3.18272e+02	1.05400e+03	9.43397e-01	3.17000e+02
1055	3.18761e+02	1.05500e+03	9.42465e-01	3.17500e+02
1056	3.19262e+02	1.05600e+03	9.41571e-01	3.18000e+02
1057	3.19756e+02	1.05700e+03	9.40659e-01	3.18500e+02
1058	3.20260e+02	1.05800e+03	9.39744e-01	3.19000e+02
1059	3.20766e+02	1.05900e+03	9.38831e-01	3.19500e+02
1060	3.21269e+02	1.06000e+03	9.37926e-01	3.20000e+02
1061	3.21767e+02	1.06100e+03	9.37026e-01	3.20500e+02
1062	3.22270e+02	1.06200e+03	9.36133e-01	3.21000e+02
1063	3.22770e+02	1.06300e+03	9.35246e-01	3.21500e+02
1064	3.23283e+02	1.06400e+03	9.34389e-01	3.22000e+02
1065	3.23782e+02	1.06500e+03	9.33535e-01	3.22500e+02
1066	3.24296e+02	1.06600e+03	9.32688e-01	3.23000e+02
1067	3.24789e+02	1.06700e+03	9.31848e-01	3.23500e+02
1068	3.25303e+02	1.06800e+03	9.31042e-01	3.24000e+02
1069	3.25800e+02	1.06900e+03	9.30220e-01	3.24500e+02
1070	3.26297e+02	1.07000e+03	9.29394e-01	3.25000e+02
1071	3.26795e+02	1.07100e+03	9.28564e-01	3.25500e+02
1072	3.27303e+02	1.07200e+03	9.27727e-01	3.26000e+02
1073	3.27801e+02	1.07300e+03	9.26879e-01	3.26500e+02
1074	3.28308e+02	1.07400e+03	9.26019e-01	3.27000e+02
1075	3.28794e+02	1.07500e+03	9.25149e-01	3.27500e+02
1076	3.29313e+02	1.07600e+03	9.24232e-01	3.28000e+02
1077	3.29816e+02	1.07700e+03	9.23314e-01	3.28500e+02
1078	3.30314e+02	1.07800e+03	9.22375e-01	3.29000e+02
1079	3.30809e+02	1.07900e+03	9.21418e-01	3.29500e+02
1080	3.31312e+02	1.08000e+03	9.20377e-01	3.30000e+02
1081	3.31815e+02	1.08100e+03	9.19335e-01	3.30500e+02
1082	3.32315e+02	1.08200e+03	9.18268e-01	3.31000e+02
1083	3.32803e+02	1.08300e+03	9.17180e-01	3.31500e+02
1084	3.33302e+02	1.08400e+03	9.15984e-01	3.32000e+02
1085	3.33803e+02	1.08500e+03	9.14810e-01	3.32500e+02
1086	3.34304e+02	1.08600e+03	9.13619e-01	3.33000e+02
1087	3.34796e+02	1.08700e+03	9.12409e-01	3.33500e+02
1088	3.35295e+02	1.08800e+03	9.11105e-01	3.34000e+02
1089	3.35796e+02	1.08900e+03	9.09808e-01	3.34500e+02
1090	3.36296e+02	1.09000e+03	9.08484e-01	3.35000e+02
1091	3.36794e+02	1.09100e+03	9.07134e-01	3.35500e+02
1092	3.37295e+02	1.09200e+03	9.05663e-01	3.36000e+02
1093	3.37797e+02	1.09300e+03	9.04197e-01	3.36500e+02
1094	3.38284e+02	1.09400e+03	9.02698e-01	3.37000e+02
1095	3.38781e+02	1.09500e+03	9.01171e-01	3.37500e+02
1096	3.39276e+02	1.09600e+03	8.99495e-01	3.38000e+02
1097	3.39773e+02	1.09700e+03	8.97840e-01	3.38500e+02
1098	3.40260e+02	1.09800e+03	8.96151e-01	3.39000e+02
1099	3.40753e+02	1.09900e+03	8.94430e-01	3.39500e+02
1100	3.41257e+02	1.10000e+03	8.92548e-01	3.40000e+02
1101	3.41758e+02	1.10100e+03	8.90674e-01	3.40500e+02
1102	3.42257e+02	1.10200e+03	8.88753e-01	3.41000e+02
1103	3.42761e+02	1.10300e+03	8.86791e-01	3.41500e+02
1104	3.43258e+02	1.10400e+03	8.84628e-01	3.42000e+02
1105	3.43763e+02	1.10500e+03	8.82490e-01	3.42500e+02
1106	3.44250e+02	1.10600e+03	8.80311e-01	3.43000e+02
1107	3.44751e+02	1.10700e+03	8.78092e-01	3.43500e+02
1108	3.45251e+02	1.10800e+03	8.75655e-01	3.44000e+02
1109	3.45752e+02	1.10900e+03	8.73238e-01	3.44500e+02
1110	3.46251e+02	1.11000e+03	8.70763e-01	3.45000e+02
1111	3.46747e+02	1.11100e+03	8.68237e-01	3.45500e+02
1112	3.47245e+02	1.11200e+03	8.65465e-01	3.46000e+02
1113	3.47757e+02	1.11300e+03	8.62717e-01	3.46500e+02
1114	3.48265e+02	1.11400e+03	8.59912e-01	3.47000e+02
1115	3.48770e+02	1.11500e+03	8.57059e-01	3.47500e+02
1116	3.49266e+02	1.11600e+03	8.53942e-01	3.48000e+02
1117	3.49770e+02	1.11700e+03	8.50866e-01	3.48500e+02
1118	3.50265e+02	1.11800e+03	8.47737e-01	3.49000e+02
1119	3.50762e+02	1.11900e+03	8.44556e-01	3.49500e+02
1120	3.51265e+02	1.12000e+03	8.41108e-01	3.50000e+02
1121	3.51763e+02	1.12100e+03	8.37680e-01	3.50500e+02
1122	3.52263e+02	1.12200e+03	8.34185e-01	3.51000e+02
1123	3.52750e+02	1.12300e+03	8.30634e-01	3.51500e+02
1124	3.53240e+02	1.12400e+03	8.26789e-01	3.52000e+02
1125	3.53743e+02	1.12500e+03	8.22992e-01	3.52500e+02
1126	3.54234e+02	1.12600e+03	8.19136e-01	3.53000e+02
1127	3.54747e+02	1.12700e+03	8.15227e-01	3.53500e+02
1128	3.55245e+02	1.12800e+03	8.11039e-01	3.54000e+02
1129	3.55739e+02	1.12900e+03	8.06880e-01	3.54500e+02
1130	3.56239e+02	1.13000e+03	8.02650e-01	3.55000e+02
1131	3.56717e+02	1.13100e+03	7.98358e-01	3.55500e+02
1132	3.57212e+02	1.13200e+03	7.93753e-01	3.56000e+02
1133	3.57718e+02	1.13300e+03	7.89179e-01	3.56500e+02
1134	3.58219e+02	1.13400e+03	7.84534e-01	3.57000e+02
1135	3.58728e+02	1.13500e+03	7.79825e-01	3.57500e+02
1136	3.59219e+02	1.13600e+03	7.74783e-01	3.58000e+02
1137	3.59717e+02	1.13700e+03	7.69793e-01	3.58500e+02
1138	3.60210e+02	1.13800e+03	7.64735e-01	3.59000e+02
1139	3.60725e+02	1.13900e+03	7.59613e-01	3.59500e+02
1140	3.61223e+02	1.14000e+03	7.54170e-01	3.60000e+02
1141	3.61725e+02	1.14100e+03	7.48770e-01	3.60500e+02
1142	3.62216e+02	1.14200e+03	7.43303e-01	3.61000e+02
1143	3.62724e+02	1.14300e+03	7.37774e-01	3.61500e+02
1144	3.63234e+02	1.14400e+03	7.31924e-01	3.62000e+02
1145	3.63744e+02	1.14500e+03	7.26127e-01	3.62500e+02
1146	3.64240e+02	1.14600e+03	7.20272e-01	3.63000e+02
1147	3.64753e+02	1.14700e+03	7.14361e-01	3.63500e+02
1148	3.65264e+02	1.14800e+03	7.08162e-01	3.64000e+02
1149	3.65763e+02	1.14900e+03	7.02012e-01	3.64500e+02
1150	3.66264e+02	1.15000e+03	6.95815e-01	3.65000e+02
1151	3.66781e+02	1.15100e+03	6.89571e-01	3.65500e+02
1152	3.67288e+02	1.15200e+03	6.83083e-01	3.66000e+02
1153	3.67776e+02	1.15300e+03	6.76634e-01	3.66500e+02
1154	3.68288e+02	1.15400e+03	6.70134e-01	3.67000e+02
1155	3.68780e+02	1.15500e+03	6.63585e-01	3.67500e+02
1156	3.69275e+02	1.15600e+03	6.56787e-01	3.68000e+02
1157	3.69769e+02	1.15700e+03	6.50001e-01	3.68500e+02
1158	3.70282e+02	1.15800e+03	6.43151e-01	3.69000e+02
1159	3.70767e+02	1.15900e+03	6.36247e-01	3.69500e+02
1160	3.71261e+02	1.16000e+03	6.29052e-01	3.70000e+02
1161	3.71760e+02	1.16100e+03	6.21908e-01	3.70500e+02
1162	3.72255e+02	1.16200e+03	6.14714e-01	3.71000e+02
1163	3.72740e+02	1.16300e+03	6.07474e-01	3.71500e+02
1164	3.73231e+02	1.16400e+03	5.99981e-01	3.72000e+02
1165	3.73735e+02	1.16500e+03	5.92524e-01	3.72500e+02
1166	3.74229e+02	1.16600e+03	5.85016e-01	3.73000e+02
1167	3.74731e+02	1.16700e+03	5.77462e-01	3.73500e+02
1168	3.75213e+02	1.16800e+03	5.69677e-01	3.74000e+02
1169	3.75712e+02	1.16900e+03	5.61930e-01	3.74500e+02
1170	3.76205e+02	1.17000e+03	5.54145e-01	3.75000e+02
1171	3.76687e+02	1.17100e+03	5.46324e-01	3.75500e+02
1172	3.77192e+02	1.17200e+03	5.38324e-01	3.76000e+02
1173	3.77687e+02	1.17300e+03	5.30369e-01	3.76500e+02
1174	3.78194e+02	1.17400e+03	5.22395e-01	3.77000e+02
1175	3.78685e+02	1.17500e+03	5.14398e-01	3.77500e+02
1176	3.79187e+02	1.17600e+03	5.06289e-01	3.78000e+02
1177	3.79697e+02	1.17700e+03	4.98199e-01	3.78500e+02
1178	3.80188e+02	1.17800e+03	4.90091e-01	3.79000e+02
1179	3.80690e+02	1.17900e+03	4.81968e-01	3.79500e+02
1180	3.81182e+02	1.18000e+03	4.73755e-01	3.80000e+02
1181	3.81685e+02	1.18100e+03	4.65561e-01	3.80500e+02
1182	3.82178e+02	1.18200e+03	4.57353e-01	3.81000e+02
1183	3.82684e+02	1.18300e+03	4.49132e-01	3.81500e+02
1184	3.83183e+02	1.18400e+03	4.40862e-01	3.82000e+02
1185	3.83693e+02	1.18500e+03	4.32618e-01	3.82500e+02
1186	3.84195e+02	1.18600e+03	4.24384e-01	3.83000e+02
1187	3.84703e+02	1.18700e+03	4.16155e-01	3.83500e+02
1188	3.85206e+02	1.18800e+03	4.07949e-01	3.84000e+02
1189	3.85703e+02	1.18900e+03	3.99761e-01	3.84500e+02
1190	3.86218e+02	1.19000e+03	3.91591e-01	3.85000e+02
1191	3.86729e+02	1.19100e+03	3.83430e-01	3.85500e+02
1192	3.87234e+02	1.19200e+03	3.75339e-01	3.86000e+02
1193	3.87749e+02	1.19300e+03	3.67246e-01	3.86500e+02
1194	3.88255e+02	1.19400e+03	3.59188e-01	3.87000e+02
1195	3.88751e+02	1.19500e+03	3.51162e-01	3.87500e+02
1196	3.89250e+02	1.19600e+03	3.43271e-01	3.88000e+02
1197	3.89746e+02	1.19700e+03	3.35409e-01	3.88500e+02
1198	3.90253e+02	1.19800e+03	3.27606e-01	3.89000e+02
1199	3.90756e+02	1.19900e+03	3.19848e-01	3.89500e+02
1200	3.91262e+02	1.20000e+03	3.12341e-01	3.90000e+02
1201	3.91768e+02	1.20100e+03	3.04795e-01	3.90500e+02
1202	3.92270e+02	1.20200e+03	2.97299e-01	3.91000e+02
1203	3.92765e+02	1.20300e+03	2.89850e-01	3.91500e+02
1204	3.93267e+02	1.20400e+03	2.82643e-01	3.92000e+02
1205	3.93771e+02	1.20500e+03	2.75411e-01	3.92500e+02
1206	3.94258e+02	1.20600e+03	2.68240e-01	3.93000e+02
1207	3.94767e+02	1.20700e+03	2.61124e-01	3.93500e+02
1208	3.95266e+02	1.20800e+03	2.54299e-01	3.94000e+02
1209	3.95767e+02	1.20900e+03	2.47458e-01	3.94500e+02
1210	3.96264e+02	1.21000e+03	2.40689e-01	3.95000e+02
1211	3.96756e+02	1.21100e+03	2.33982e-01	3.95500e+02
1212	3.97255e+02	1.21200e+03	2.27607e-01	3.96000e+02
1213	3.97753e+02	1.21300e+03	2.21190e-01	3.96500e+02
1214	3.98241e+02	1.21400e+03	2.14855e-01	3.97000e+02
1215	3.98727e+02	1.21500e+03	2.08596e-01	3.97500e+02
1216	3.99223e+02	1.21600e+03	2.02703e-01	3.98000e+02
1217	3.99720e+02	1.21700e+03	1.96787e-01	3.98500e+02
1218	4.00205e+02	1.21800e+03	1.90969e-01	3.99000e+02
1219	4.00685e+02	1.21900e+03	1.85237e-01	3.99500e+02
1220	4.01193e+02	1.22000e+03	1.79934e-01	4.00000e+02
1221	4.01693e+02	1.22100e+03	1.74560e-01	4.00500e+02
1222	4.02186e+02	1.22200e+03	1.69264e-01	4.01000e+02
1223	4.02674e+02	1.22300e+03	1.64042e-01	4.01500e+02
1224	4.03166e+02	1.22400e+03	1.59211e-01	4.02000e+02
1225	4.03670e+02	1.22500e+03	1.54321e-01	4.02500e+02
1226	4.04157e+02	1.22600e+03	1.49509e-01	4.03000e+02
1227	4.04664e+02	1.22700e+03	1.44772e-01	4.03500e+02
1228	4.05155e+02	1.22800e+03	1.40421e-01	4.04000e+02
1229	4.05654e+02	1.22900e+03	1.36030e-01	4.04500e+02
1230	4.06148e+02	1.23000e+03	1.31729e-01	4.05000e+02
1231	4.06647e+02	1.23100e+03	1.27508e-01	4.05500e+02
1232	4.07146e+02	1.23200e+03	1.23696e-01	4.06000e+02
1233	4.07655e+02	1.23300e+03	1.19822e-01	4.06500e+02
1234	4.08155e+02	1.23400e+03	1.16022e-01	4.07000e+02
1235	4.08656e+02	1.23500e+03	1.12294e-01	4.07500e+02
1236	4.09151e+02	1.23600e+03	1.08939e-01	4.08000e+02
1237	4.09651e+02	1.23700e+03	1.05523e-01	4.08500e+02
1238	4.10144e+02	1.23800e+03	1.02178e-01	4.09000e+02
1239	4.10649e+02	1.23900e+03	9.89005e-02	4.09500e+02
1240	4.11155e+02	1.24000e+03	9.59639e-02	4.10000e+02
1241	4.11661e+02	1.24100e+03	9.29790e-02	4.10500e+02
1242	4.12146e+02	1.24200e+03	9.00580e-02	4.11000e+02
1243	4.12654e+02	1.24300e+03	8.71958e-02	4.11500e+02
1244	4.13142e+02	1.24400e+03	8.46478e-02	4.12000e+02
1245	4.13641e+02	1.24500e+03	8.20444e-02	4.12500e+02
1246	4.14149e+02	1.24600e+03	7.95018e-02	4.13000e+02
1247	4.14657e+02	1.24700e+03	7.70195e-02	4.13500e+02
1248	4.15160e+02	1.24800e+03	7.48349e-02	4.14000e+02
1249	4.15658e+02	1.24900e+03	7.26286e-02	4.14500e+02
1250	4.16152e+02	1.25000e+03	7.04988e-02	4.15000e+02
1251	4.16664e+02	1.25100e+03	6.84367e-02	4.15500e+02
1252	4.17163e+02	1.25200e+03	6.67250e-02	4.16000e+02
1253	4.17643e+02	1.25300e+03	6.49652e-02	4.16500e+02
1254	4.18159e+02	1.25400e+03	6.32579e-02	4.17000e+02
1255	4.18637e+02	1.25500e+03	6.15922e-02	4.17500e+02
1256	4.19143e+02	1.25600e+03	6.01598e-02	4.18000e+02
1257	4.19637e+02	1.25700e+03	5.86123e-02	4.18500e+02
1258	4.20144e+02	1.25800e+03	5.70574e-02	4.19000e+02
1259	4.20649e+02	1.25900e+03	5.55170e-02	4.19500e+02
1260	4.21149e+02	1.26000e+03	5.40450e-02	4.20000e+02
1261	4.21644e+02	1.26100e+03	5.26125e-02	4.20500e+02
1262	4.22133e+02	1.26200e+03	5.12426e-02	4.21000e+02
1263	4.22633e+02	1.26300e+03	4.99208e-02	4.21500e+02
1264	4.23135e+02	1.26400e+03	4.88167e-02	4.22000e+02
1265	4.23624e+02	1.26500e+03	4.77087e-02	4.22500e+02
1266	4.24119e+02	1.26600e+03	4.66575e-02	4.23000e+02
1267	4.24607e+02	1.26700e+03	4.56521e-02	4.23500e+02
1268	4.25099e+02	1.26800e+03	4.49037e-02	4.24000e+02
1269	4.25597e+02	1.26900e+03	4.40854e-02	4.24500e+02
1270	4.26096e+02	1.27000e+03	4.32892e-02	4.25000e+02
1271	4.26603e+02	1.27100e+03	4.25203e-02	4.25500e+02
1272	4.27094e+02	1.27200e+03	4.18910e-02	4.26000e+02
1273	4.27587e+02	1.27300e+03	4.12249e-02	4.26500e+02
1274	4.28079e+02	1.27400e+03	4.05737e-02	4.27000e+02
1275	4.28564e+02	1.27500e+03	3.99406e-02	4.27500e+02
1276	4.29048e+02	1.27600e+03	3.93969e-02	4.28000e+02
1277	4.29556e+02	1.27700e+03	3.88396e-02	4.28500e+02
1278	4.30035e+02	1.27800e+03	3.82984e-02	4.29000e+02
1279	4.30535e+02	1.27900e+03	3.77723e-02	4.29500e+02
1280	4.31030e+02	1.28000e+03	3.73273e-02	4.30000e+02
1281	4.31531e+02	1.28100e+03	3.68699e-02	4.30500e+02
1282	4.32026e+02	1.28200e+03	3.64293e-02	4.31000e+02
1283	4.32508e+02	1.28300e+03	3.60046e-02	4.31500e+02
1284	4.33009e+02	1.28400e+03	3.56564e-02	4.32000e+02
1285	4.33504e+02	1.28500e+03	3.52966e-02	4.32500e+02
1286	4.34004e+02	1.28600e+03	3.49494e-02	4.33000e+02
1287	4.34488e+02	1.28700e+03	3.46136e-02	4.33500e+02
1288	4.34980e+02	1.28800e+03	3.43403e-02	4.34000e+02
1289	4.35475e+02	1.28900e+03	3.40492e-02	4.34500e+02
1290	4.35968e+02	1.29000e+03	3.37635e-02	4.35000e+02
1291	4.36462e+02	1.29100e+03	3.34842e-02	4.35500e+02
1292	4.36947e+02	1.29200e+03	3.32392e-02	4.36000e+02
1293	4.37445e+02	1.29300e+03	3.29917e-02	4.36500e+02
1294	4.37930e+02	1.29400e+03	3.27537e-02	4.37000e+02
1295	4.38425e+02	1.29500e+03	3.25236e-02	4.37500e+02
1296	4.38909e+02	1.29600e+03	3.23287e-02	4.38000e+02
1297	4.39406e+02	1.29700e+03	3.21278e-02	4.38500e+02
1298	4.39899e+02	1.29800e+03	3.19318e-02	4.39000e+02
1299	4.40380e+02	1.29900e+03	3.17403e-02	4.39500e+02
1300	4.40869e+02	1.30000e+03	3.15815e-02	4.40000e+02
1301	4.41353e+02	1.30100e+03	3.14202e-02	4.40500e+02
1302	4.41841e+02	1.30200e+03	3.12705e-02	4.41000e+02
1303	4.42333e+02	1.30300e+03	3.11312e-02	4.41500e+02
1304	4.42822e+02	1.30400e+03	3.10331e-02	4.42000e+02
1305	4.43310e+02	1.30500e+03	3.09305e-02	4.42500e+02
1306	4.43793e+02	1.30600e+03	3.08326e-02	4.43000e+02
1307	4.44288e+02	1.30700e+03	3.07390e-02	4.43500e+02
1308	4.44765e+02	1.30800e+03	3.06838e-02	4.44000e+02
1309	4.45260e+02	1.30900e+03	3.06135e-02	4.44500e+02
1310	4.45747e+02	1.31000e+03	3.05444e-02	4.45000e+02
1311	4.46248e+02	1.31100e+03	3.04795e-02	4.45500e+02
1312	4.46732e+02	1.31200e+03	3.04285e-02	4.46000e+02
1313	4.47218e+02	1.31300e+03	3.03768e-02	4.46500e+02
1314	4.47711e+02	1.31400e+03	3.03263e-02	4.47000e+02
1315	4.48205e+02	1.31500e+03	3.02773e-02	4.47500e+02
1316	4.48695e+02	1.31600e+03	3.02423e-02	4.48000e+02
1317	4.49171e+02	1.31700e+03	3.02012e-02	4.48500e+02
1318	4.49670e+02	1.31800e+03	3.01611e-02	4.49000e+02
1319	4.50159e+02	1.31900e+03	3.01235e-02	4.49500e+02
1320	4.50641e+02	1.32000e+03	3.00921e-02	4.50000e+02
1321	4.51143e+02	1.32100e+03	3.00612e-02	4.50500e+02
1322	4.51623e+02	1.32200e+03	3.00295e-02	4.51000e+02
1323	4.52115e+02	1.32300e+03	2.99966e-02	4.51500e+02
1324	4.52603e+02	1.32400e+03	2.99644e-02	4.52000e+02
1325	4.53086e+02	1.32500e+03	2.99237e-02	4.52500e+02
1326	4.53576e+02	1.32600e+03	2.98790e-02	4.53000e+02
1327	4.54062e+02	1.32700e+03	2.98331e-02	4.53500e+02
1328	4.54550e+02	1.32800e+03	2.97778e-02	4.54000e+02
1329	4.55037e+02	1.32900e+03	2.97328e-02	4.54500e+02
1330	4.55532e+02	1.33000e+03	2.96910e-02	4.55000e+02
1331	4.56016e+02	1.33100e+03	2.96505e-02	4.55500e+02
1332	4.56514e+02	1.33200e+03	2.96246e-02	4.56000e+02
1333	4.56991e+02	1.33300e+03	2.95970e-02	4.56500e+02
1334	4.57472e+02	1.33400e+03	2.95720e-02	4.57000e+02
1335	4.57955e+02	1.33500e+03	2.95493e-02	4.57500e+02
1336	4.58447e+02	1.33600e+03	2.95408e-02	4.58000e+02
1337	4.58934e+02	1.33700e+03	2.95301e-02	4.58500e+02
1338	4.59421e+02	1.33800e+03	2.95212e-02	4.59000e+02
1339	4.59907e+02	1.33900e+03	2.95140e-02	4.59500e+02
1340	4.60392e+02	1.34000e+03	2.95129e-02	4.60000e+02
1341	4.60885e+02	1.34100e+03	2.95038e-02	4.60500e+02
1342	4.61369e+02	1.34200e+03	2.94887e-02	4.61000e+02
1343	4.61854e+02	1.34300e+03	2.94694e-02	4.61500e+02
1344	4.62353e+02	1.34400e+03	2.94304e-02	4.62000e+02
1345	4.62846e+02	1.34500e+03	2.93919e-02	4.62500e+02
1346	4.63331e+02	1.34600e+03	2.93520e-02	4.63000e+02
1347	4.63813e+02	1.34700e+03	2.93118e-02	4.63500e+02
1348	4.64304e+02	1.34800e+03	2.92600e-02	4.64000e+02
1349	4.64800e+02	1.34900e+03	2.92223e-02	4.64500e+02
1350	4.65282e+02	1.35000e+03	2.91903e-02	4.65000e+02
1351	4.65768e+02	1.35100e+03	2.91610e-02	4.65500e+02
1352	4.66262e+02	1.35200e+03	2.91508e-02	4.66000e+02
1353	4.66746e+02	1.35300e+03	2.91343e-02	4.66500e+02
1354	4.67234e+02	1.35400e+03	2.91180e-02	4.67000e+02
1355	4.67723e+02	1.35500e+03	2.91019e-02	4.67500e+02
1356	4.68217e+02	1.35600e+03	2.90898e-02	4.68000e+02
1357	4.68704e+02	1.35700e+03	2.90749e-02	4.68500e+02
1358	4.69194e+02	1.35800e+03	2.90589e-02	4.69000e+02
1359	4.69671e+02	1.35900e+03	2.90420e-02	4.69500e+02
1360	4.70155e+02	1.36000e+03	2.90227e-02	4.70000e+02
1361	4.70645e+02	1.36100e+03	2.90047e-02	4.70500e+02
1362	4.71143e+02	1.36200e+03	2.89869e-02	4.71000e+02
1363	4.71633e+02	1.36300e+03	2.89693e-02	4.71500e+02
1364	4.72120e+02	1.36400e+03	2.89548e-02	4.72000e+02
1365	4.72613e+02	1.36500e+03	2.89434e-02	4.72500e+02
1366	4.73087e+02	1.36600e+03	2.89362e-02	4.73000e+02
1367	4.73586e+02	1.36700e+03	2.89318e-02	4.73500e+02
1368	4.74071e+02	1.36800e+03	2.89388e-02	4.74000e+02
1369	4.74556e+02	1.36900e+03	2.89452e-02	4.74500e+02
1370	4.75047e+02	1.37000e+03	2.89529e-02	4.75000e+02
1371	4.75532e+02	1.37100e+03	2.89607e-02	4.75500e+02
1372	4.76025e+02	1.37200e+03	2.89718e-02	4.76000e+02
1373	4.76513e+02	1.37300e+03	2.89741e-02	4.76500e+02
1374	4.77004e+02	1.37400e+03	2.89705e-02	4.77000e+02
1375	4.77490e+02	1.37500e+03	2.89630e-02	4.77500e+02
1376	4.77973e+02	1.37600e+03	2.89372e-02	4.78000e+02
1377	4.78472e+02	1.37700e+03	2.89167e-02	4.78500e+02
1378	4.78961e+02	1.37800e+03	2.88985e-02	4.79000e+02
1379	4.79446e+02	1.37900e+03	2.88818e-02	4.79500e+02
1380	4.79935e+02	1.38000e+03	2.88630e-02	4.80000e+02
1381	4.80436e+02	1.38100e+03	2.88509e-02	4.80500e+02
1382	4.80912e+02	1.38200e+03	2.88405e-02	4.81000e+02
1383	4.81395e+02	1.38300e+03	2.88300e-02	4.81500e+02
1384	4.81891e+02	1.38400e+03	2.88274e-02	4.82000e+02
1385	4.82387e+02	1.38500e+03	2.88158e-02	4.82500e+02
1386	4.82870e+02	1.38600e+03	2.88005e-02	4.83000e+02
1387	4.83362e+02	1.38700e+03	2.87836e-02	4.83500e+02
1388	4.83850e+02	1.38800e+03	2.87539e-02	4.84000e+02
1389	4.84348e+02	1.38900e+03	2.87284e-02	4.84500e+02
1390	4.84833e+02	1.39000e+03	2.87028e-02	4.85000e+02
1391	4.85323e+02	1.39100e+03	2.86764e-02	4.85500e+02
1392	4.85817e+02	1.39200e+03	2.86486e-02	4.86000e+02
1393	4.86315e+02	1.39300e+03	2.86262e-02	4.86500e+02
1394	4.86799e+02	1.39400e+03	2.86078e-02	4.87000e+02
1395	4.87295e+02	1.39500e+03	2.85914e-02	4.87500e+02
1396	4.87788e+02	1.39600e+03	2.85824e-02	4.88000e+02
1397	4.88280e+02	1.39700e+03	2.85686e-02	4.88500e+02
1398	4.88764e+02	1.39800e+03	2.85520e-02	4.89000e+02
1399	4.89255e+02	1.39900e+03	2.85333e-02	4.89500e+02
1400	4.89745e+02	1.40000e+03	2.85064e-02	4.90000e+02
1401	4.90235e+02	1.40100e+03	2.84760e-02	4.90500e+02
1402	4.90729e+02	1.40200e+03	2.84421e-02	4.91000e+02
1403	4.91209e+02	1.40300e+03	2.84059e-02	4.91500e+02
1404	4.91694e+02	1.40400e+03	2.83547e-02	4.92000e+02
1405	4.92198e+02	1.40500e+03	2.83141e-02	4.92500e+02
1406	4.92686e+02	1.40600e+03	2.82794e-02	4.93000e+02
1407	4.93177e+02	1.40700e+03	2.82488e-02	4.93500e+02
1408	4.93661e+02	1.40800e+03	2.82330e-02	4.94000e+02
1409	4.94153e+02	1.40900e+03	2.82203e-02	4.94500e+02
1410	4.94649e+02	1.41000e+03	2.82136e-02	4.95000e+02
1411	4.95129e+02	1.41100e+03	2.82107e-02	4.95500e+02
1412	4.95623e+02	1.41200e+03	2.82339e-02	4.96000e+02
1413	4.96113e+02	1.41300e+03	2.82465e-02	4.96500e+02
1414	4.96599e+02	1.41400e+03	2.82570e-02	4.97000e+02
1415	4.97094e+02	1.41500e+03	2.82667e-02	4.97500e+02
1416	4.97577e+02	1.41600e+03	2.82730e-02	4.98000e+02
1417	4.98061e+02	1.41700e+03	2.82726e-02	4.98500e+02
1418	4.98557e+02	1.41800e+03	2.82676e-02	4.99000e+02
1419	4.99053e+02	1.41900e+03	2.82597e-02	4.99500e+02
1420	4.99536e+02	1.42000e+03	2.82331e-02	5.00000e+02
1421	5.00025e+02	1.42100e+03	2.82133e-02	5.00500e+02
1422	5.00510e+02	1.42200e+03	2.81936e-02	5.01000e+02
1423	5.00998e+02	1.42300e+03	2.81735e-02	5.01500e+02
1424	5.01488e+02	1.42400e+03	2.81471e-02	5.02000e+02
1425	5.01981e+02	1.42500e+03	2.81246e-02	5.02500e+02
1426	5.02471e+02	1.42600e+03	2.81041e-02	5.03000e+02
1427	5.02959e+02	1.42700e+03	2.80837e-02	5.03500e+02
1428	5.03447e+02	1.42800e+03	2.80662e-02	5.04000e+02
1429	5.03946e+02	1.42900e+03	2.80501e-02	5.04500e+02
1430	5.04428e+02	1.43000e+03	2.80370e-02	5.05000e+02
1431	5.04917e+02	1.43100e+03	2.80266e-02	5.05500e+02
1432	5.05406e+02	1.43200e+03	2.80299e-02	5.06000e+02
1433	5.05899e+02	1.43300e+03	2.80329e-02	5.06500e+02
1434	5.06399e+02	1.43400e+03	2.80378e-02	5.07000e+02
1435	5.06876e+02	1.43500e+03	2.80440e-02	5.07500e+02
1436	5.07375e+02	1.43600e+03	2.80597e-02	5.08000e+02
1437	5.07844e+02	1.43700e+03	2.80694e-02	5.08500e+02
1438	5.08372e+02	1.43800e+03	2.80854e-02	5.09000e+02
1439	5.08861e+02	1.43900e+03	2.81106e-02	5.09500e+02
1440	5.09344e+02	1.44000e+03	2.81602e-02	5.10000e+02
1441	5.09829e+02	1.44100e+03	2.82199e-02	5.10500e+02
1442	5.10333e+02	1.44200e+03	2.82791e-02	5.11000e+02
1443	5.10813e+02	1.44300e+03	2.83307e-02	5.11500e+02
1444	5.11293e+02	1.44400e+03	2.83671e-02	5.12000e+02
1445	5.11787e+02	1.44500e+03	2.83409e-02	5.12500e+02
1446	5.12293e+02	1.44600e+03	2.82634e-02	5.13000e+02
1447	5.12779e+02	1.44700e+03	2.81561e-02	5.13500e+02
1448	5.13263e+02	1.44800e+03	2.79092e-02	5.14000e+02
1449	5.13760e+02	1.44900e+03	2.77337e-02	5.14500e+02
1450	5.14253e+02	1.45000e+03	2.75911e-02	5.15000e+02
1451	5.14735e+02	1.45100e+03	2.74678e-02	5.15500e+02
1452	5.15223e+02	1.45200e+03	2.73981e-02	5.16000e+02
1453	5.15724e+02	1.45300e+03	2.73732e-02	5.16500e+02
1454	5.16212e+02	1.45400e+03	2.73860e-02	5.17000e+02
1455	5.16700e+02	1.45500e+03	2.74210e-02	5.17500e+02
1456	5.17195e+02	1.45600e+03	2.76136e-02	5.18000e+02
1457	5.17678e+02	1.45700e+03	2.77333e-02	5.18500e+02
1458	5.18170e+02	1.45800e+03	2.78384e-02	5.19000e+02
1459	5.18652e+02	1.45900e+03	2.79405e-02	5.19500e+02
1460	5.19138e+02	1.46000e+03	2.80226e-02	5.20000e+02
1461	5.19628e+02	1.46100e+03	2.80825e-02	5.20500e+02
1462	5.20128e+02	1.46200e+03	2.81241e-02	5.21000e+02
1463	5.20618e+02	1.46300e+03	2.81549e-02	5.21500e+02
1464	5.21112e+02	1.46400e+03	2.81119e-02	5.22000e+02
1465	5.21601e+02	1.46500e+03	2.80948e-02	5.22500e+02
1466	5.22096e+02	1.46600e+03	2.80786e-02	5.23000e+02
1467	5.22597e+02	1.46700e+03	2.80606e-02	5.23500e+02
1468	5.23081e+02	1.46800e+03	2.80344e-02	5.24000e+02
1469	5.23573e+02	1.46900e+03	2.80237e-02	5.24500e+02
1470	5.24066e+02	1.47000e+03	2.80139e-02	5.25000e+02
1471	5.24567e+02	1.47100e+03	2.79984e-02	5.25500e+02
1472	5.25050e+02	1.47200e+03	2.79734e-02	5.26000e+02
1473	5.25540e+02	1.47300e+03	2.79321e-02	5.26500e+02
1474	5.26038e+02	1.47400e+03	2.78876e-02	5.27000e+02
1475	5.26526e+02	1.47500e+03	2.78451e-02	5.27500e+02
1476	5.27030e+02	1.47600e+03	2.77834e-02	5.28000e+02
1477	5.27509e+02	1.47700e+03	2.77594e-02	5.28500e+02
1478	5.28022e+02	1.47800e+03	2.77641e-02	5.29000e+02
1479	5.28516e+02	1.47900e+03	2.77891e-02	5.29500e+02
1480	5.29002e+02	1.48000e+03	2.79086e-02	5.30000e+02
1481	5.29527e+02	1.48100e+03	2.80102e-02	5.30500e+02
1482	5.29985e+02	1.48200e+03	2.81012e-02	5.31000e+02
1483	5.30475e+02	1.48300e+03	2.81785e-02	5.31500e+02
1484	5.30979e+02	1.48400e+03	2.82349e-02	5.32000e+02
1485	5.31472e+02	1.48500e+03	2.82190e-02	5.32500e+02
1486	5.31956e+02	1.48600e+03	2.81609e-02	5.33000e+02
1487	5.32455e+02	1.48700e+03	2.80835e-02	5.33500e+02
1488	5.32947e+02	1.48800e+03	2.78679e-02	5.34000e+02
1489	5.33446e+02	1.48900e+03	2.77491e-02	5.34500e+02
1490	5.33935e+02	1.49000e+03	2.76689e-02	5.35000e+02
1491	5.34433e+02	1.49100e+03	2.76075e-02	5.35500e+02
1492	5.34929e+02	1.49200e+03	2.76228e-02	5.36000e+02
1493	5.35423e+02	1.49300e+03	2.76323e-02	5.36500e+02
1494	5.35922e+02	1.49400e+03	2.76532e-02	5.37000e+02
1495	5.36418e+02	1.49500e+03	2.76827e-02	5.37500e+02
1496	5.36909e+02	1.49600e+03	2.77780e-02	5.38000e+02
1497	5.37397e+02	1.49700e+03	2.78314e-02	5.38500e+02
1498	5.37892e+02	1.49800e+03	2.78719e-02	5.39000e+02
1499	5.38395e+02	1.49900e+03	2.79077e-02	5.39500e+02
1500	5.38891e+02	1.50000e+03	2.79160e-02	5.40000e+02
1501	5.39387e+02	1.50100e+03	2.79248e-02	5.40500e+02
1502	5.39886e+02	1.50200e+03	2.79253e-02	5.41000e+02
1503	5.40381e+02	1.50300e+03	2.79201e-02	5.41500e+02
1504	5.40881e+02	1.50400e+03	2.78877e-02	5.42000e+02
1505	5.41369e+02	1.50500e+03	2.78672e-02	5.42500e+02
1506	5.41868e+02	1.50600e+03	2.78502e-02	5.43000e+02
1507	5.42375e+02	1.50700e+03	2.78350e-02	5.43500e+02
1508	5.42866e+02	1.50800e+03	2.78222e-02	5.44000e+02
1509	5.43364e+02	1.50900e+03	2.78155e-02	5.44500e+02
1510	5.43858e+02	1.51000e+03	2.78125e-02	5.45000e+02
1511	5.44355e+02	1.51100e+03	2.78116e-02	5.45500e+02
1512	5.44849e+02	1.51200e+03	2.78245e-02	5.46000e+02
1513	5.45346e+02	1.51300e+03	2.78288e-02	5.46500e+02
1514	5.45848e+02	1.51400e+03	2.78301e-02	5.47000e+02
1515	5.46347e+02	1.51500e+03	2.78303e-02	5.47500e+02
1516	5.46838e+02	1.51600e+03	2.78281e-02	5.48000e+02
1517	5.47327e+02	1.51700e+03	2.78276e-02	5.48500e+02
1518	5.47831e+02	1.51800e+03	2.78278e-02	5.49000e+02
1519	5.48324e+02	1.51900e+03	2.78286e-02	5.49500e+02
1520	5.48820e+02	1.52000e+03	2.78291e-02	5.50000e+02
1521	5.49316e+02	1.52100e+03	2.78284e-02	5.50500e+02
1522	5.49816e+02	1.52200e+03	2.78258e-02	5.51000e+02
1523	5.50305e+02	1.52300e+03	2.78224e-02	5.51500e+02
1524	5.50796e+02	1.52400e+03	2.78188e-02	5.52000e+02
1525	5.51300e+02	1.52500e+03	2.78160e-02	5.52500e+02
1526	5.51794e+02	1.52600e+03	2.78136e-02	5.53000e+02
1527	5.52296e+02	1.52700e+03	2.78114e-02	5.53500e+02
1528	5.52781e+02	1.52800e+03	2.77980e-02	5.54000e+02
1529	5.53283e+02	1.52900e+03	2.77759e-02	5.54500e+02
1530	5.53779e+02	1.53000e+03	2.77443e-02	5.55000e+02
1531	5.54281e+02	1.53100e+03	2.77066e-02	5.55500e+02
1532	5.54780e+02	1.53200e+03	2.76451e-02	5.56000e+02
1533	5.55269e+02	1.53300e+03	2.75993e-02	5.56500e+02
1534	5.55762e+02	1.53400e+03	2.75653e-02	5.57000e+02
1535	5.56260e+02	1.53500e+03	2.75397e-02	5.57500e+02
1536	5.56751e+02	1.53600e+03	2.75533e-02	5.58000e+02
1537	5.57242e+02	1.53700e+03	2.75811e-02	5.58500e+02
1538	5.57741e+02	1.53800e+03	2.76232e-02	5.59000e+02
1539	5.58255e+02	1.53900e+03	2.76740e-02	5.59500e+02
1540	5.58742e+02	1.54000e+03	2.77817e-02	5.60000e+02
1541	5.59242e+02	1.54100e+03	2.78504e-02	5.60500e+02
1542	5.59733e+02	1.54200e+03	2.79066e-02	5.61000e+02
1543	5.60229e+02	1.54300e+03	2.79572e-02	5.61500e+02
1544	5.60725e+02	1.54400e+03	2.79697e-02	5.62000e+02
1545	5.61220e+02	1.54500e+03	2.79833e-02	5.62500e+02
1546	5.61726e+02	1.54600e+03	2.79900e-02	5.63000e+02
1547	5.62221e+02	1.54700e+03	2.79914e-02	5.63500e+02
1548	5.62715e+02	1.54800e+03	2.79603e-02	5.64000e+02
1549	5.63207e+02	1.54900e+03	2.79473e-02	5.64500e+02
1550	5.63713e+02	1.55000e+03	2.79376e-02	5.65000e+02
1551	5.64219e+02	1.55100e+03	2.79286e-02	5.65500e+02
1552	5.64718e+02	1.55200e+03	2.79274e-02	5.66000e+02
1553	5.65212e+02	1.55300e+03	2.79263e-02	5.66500e+02
1554	5.65719e+02	1.55400e+03	2.79274e-02	5.67000e+02
1555	5.66227e+02	1.55500e+03	2.79302e-02	5.67500e+02
1556	5.66709e+02	1.55600e+03	2.79411e-02	5.68000e+02
1557	5.67215e+02	1.55700e+03	2.79477e-02	5.68500e+02
1558	5.67721e+02	1.55800e+03	2.79525e-02	5.69000e+02
1559	5.68216e+02	1.55900e+03	2.79558e-02	5.69500e+02
1560	5.68724e+02	1.56000e+03	2.79522e-02	5.70000e+02
1561	5.69211e+02	1.56100e+03	2.79464e-02	5.70500e+02
1562	5.69714e+02	1.56200e+03	2.79395e-02	5.71000e+02
1563	5.70215e+02	1.56300e+03	2.79325e-02	5.71500e+02
1564	5.70718e+02	1.56400e+03	2.79184e-02	5.72000e+02
1565	5.71217e+02	1.56500e+03	2.79110e-02	5.72500e+02
1566	5.71719e+02	1.56600e+03	2.79054e-02	5.73000e+02
1567	5.72220e+02	1.56700e+03	2.79001e-02	5.73500e+02
1568	5.72724e+02	1.56800e+03	2.78994e-02	5.74000e+02
1569	5.73216e+02	1.56900e+03	2.78929e-02	5.74500e+02
1570	5.73724e+02	1.57000e+03	2.78834e-02	5.75000e+02
1571	5.74224e+02	1.57100e+03	2.78725e-02	5.75500e+02
1572	5.74730e+02	1.57200e+03	2.78559e-02	5.76000e+02
1573	5.75217e+02	1.57300e+03	2.78431e-02	5.76500e+02
1574	5.75725e+02	1.57400e+03	2.78330e-02	5.77000e+02
1575	5.76232e+02	1.57500e+03	2.78246e-02	5.77500e+02
1576	5.76733e+02	1.57600e+03	2.78223e-02	5.78000e+02
1577	5.77226e+02	1.57700e+03	2.78229e-02	5.78500e+02
1578	5.77729e+02	1.57800e+03	2.78259e-02	5.79000e+02
1579	5.78224e+02	1.57900e+03	2.78300e-02	5.79500e+02
1580	5.78727e+02	1.58000e+03	2.78419e-02	5.80000e+02
1581	5.79214e+02	1.58100e+03	2.78452e-02	5.80500e+02
1582	5.79718e+02	1.58200e+03	2.78441e-02	5.81000e+02
1583	5.80205e+02	1.58300e+03	2.78408e-02	5.81500e+02
1584	5.80702e+02	1.58400e+03	2.78267e-02	5.82000e+02
1585	5.81199e+02	1.58500e+03	2.78150e-02	5.82500e+02
1586	5.81683e+02	1.58600e+03	2.78029e-02	5.83000e+02
1587	5.82169e+02	1.58700e+03	2.77906e-02	5.83500e+02
1588	5.82650e+02	1.58800e+03	2.77741e-02	5.84000e+02
1589	5.83139e+02	1.58900e+03	2.77623e-02	5.84500e+02
1590	5.83631e+02	1.59000e+03	2.77537e-02	5.85000e+02
1591	5.84127e+02	1.59100e+03	2.77473e-02	5.85500e+02
1592	5.84605e+02	1.59200e+03	2.77541e-02	5.86000e+02
1593	5.85108e+02	1.59300e+03	2.77636e-02	5.86500e+02
1594	5.85606e+02	1.59400e+03	2.77786e-02	5.87000e+02
1595	5.86105e+02	1.59500e+03	2.77977e-02	5.87500e+02
1596	5.86597e+02	1.59600e+03	2.78326e-02	5.88000e+02
1597	5.87105e+02	1.59700e+03	2.78558e-02	5.88500e+02
1598	5.87593e+02	1.59800e+03	2.78721e-02	5.89000e+02
1599	5.88109e+02	1.59900e+03	2.78840e-02	5.89500e+02
1600	5.88626e+02	1.60000e+03	2.78801e-02	5.90000e+02
1601	5.89134e+02	1.60100e+03	2.78714e-02	5.90500e+02
1602	5.89672e+02	1.60200e+03	2.78570e-02	5.91000e+02
1603	5.90175e+02	1.60300e+03	2.78400e-02	5.91500e+02
1604	5.90739e+02	1.60400e+03	2.78012e-02	5.92000e+02
1605	5.91331e+02	1.60500e+03	2.77768e-02	5.92500e+02
1606	5.91884e+02	1.60600e+03	2.77574e-02	5.93000e+02
1607	5.92407e+02	1.60700e+03	2.77405e-02	5.93500e+02
1608	5.92867e+02	1.60800e+03	2.77355e-02	5.94000e+02
1609	5.93386e+02	1.60900e+03	2.77289e-02	5.94500e+02
1610	5.93923e+02	1.61000e+03	2.77239e-02	5.95000e+02
1611	5.94415e+02	1.61100e+03	2.77204e-02	5.95500e+02
1612	5.94895e+02	1.61200e+03	2.77255e-02	5.96000e+02
1613	5.95361e+02	1.61300e+03	2.77240e-02	5.96500e+02
1614	5.95842e+02	1.61400e+03	2.77192e-02	5.97000e+02
1615	5.96338e+02	1.61500e+03	2.77129e-02	5.97500e+02
1616	5.96815e+02	1.61600e+03	2.76991e-02	5.98000e+02
1617	5.97306e+02	1.61700e+03	2.76858e-02	5.98500e+02
1618	5.97812e+02	1.61800e+03	2.76732e-02	5.99000e+02
1619	5.98296e+02	1.61900e+03	2.76613e-02	5.99500e+02
1620	5.98782e+02	1.62000e+03	2.76436e-02	6.00000e+02
1621	5.99273e+02	1.62100e+03	2.76288e-02	6.00500e+02
1622	5.99764e+02	1.62200e+03	2.76145e-02	6.01000e+02
1623	6.00248e+02	1.62300e+03	2.76000e-02	6.01500e+02
1624	6.00724e+02	1.62400e+03	2.75890e-02	6.02000e+02
1625	6.01214e+02	1.62500e+03	2.75788e-02	6.02500e+02
1626	6.01706e+02	1.62600e+03	2.75707e-02	6.03000e+02
1627	6.02182e+02	1.62700e+03	2.75639e-02	6.03500e+02
1628	6.02672e+02	1.62800e+03	2.75657e-02	6.04000e+02
1629	6.03174e+02	1.62900e+03	2.75692e-02	6.04500e+02
1630	6.03664e+02	1.63000e+03	2.75767e-02	6.05000e+02
1631	6.04146e+02	1.63100e+03	2.75870e-02	6.05500e+02
1632	6.04619e+02	1.63200e+03	2.76102e-02	6.06000e+02
1633	6.05108e+02	1.63300e+03	2.76282e-02	6.06500e+02
1634	6.05600e+02	1.63400e+03	2.76454e-02	6.07000e+02
1635	6.06082e+02	1.63500e+03	2.76623e-02	6.07500e+02
1636	6.06575e+02	1.63600e+03	2.76783e-02	6.08000e+02
1637	6.07065e+02	1.63700e+03	2.76904e-02	6.08500e+02
1638	6.07542e+02	1.63800e+03	2.77000e-02	6.09000e+02
1639	6.08034e+02	1.63900e+03	2.77084e-02	6.09500e+02
1640	6.08516e+02	1.64000e+03	2.77090e-02	6.10000e+02
1641	6.09008e+02	1.64100e+03	2.77137e-02	6.10500e+02
1642	6.09496e+02	1.64200e+03	2.77187e-02	6.11000e+02
1643	6.09980e+02	1.64300e+03	2.77234e-02	6.11500e+02
1644	6.10470e+02	1.64400e+03	2.77251e-02	6.12000e+02
1645	6.10962e+02	1.64500e+03	2.77248e-02	6.12500e+02
1646	6.11452e+02	1.64600e+03	2.77228e-02	6.13000e+02
1647	6.11937e+02	1.64700e+03	2.77199e-02	6.13500e+02
1648	6.12427e+02	1.64800e+03	2.77120e-02	6.14000e+02
1649	6.12911e+02	1.64900e+03	2.77079e-02	6.14500e+02
1650	6.13393e+02	1.65000e+03	2.77054e-02	6.15000e+02
1651	6.13877e+02	1.65100e+03	2.77038e-02	6.15500e+02
1652	6.14361e+02	1.65200e+03	2.77071e-02	6.16000e+02
1653	6.14840e+02	1.65300e+03	2.77119e-02	6.16500e+02
1654	6.15318e+02	1.65400e+03	2.77181e-02	6.17000e+02
1655	6.15812e+02	1.65500e+03	2.77246e-02	6.17500e+02
1656	6.16315e+02	1.65600e+03	2.77330e-02	6.18000e+02
1657	6.16794e+02	1.65700e+03	2.77352e-02	6.18500e+02
1658	6.17272e+02	1.65800e+03	2.77331e-02	6.19000e+02
1659	6.17759e+02	1.65900e+03	2.77279e-02	6.19500e+02
1660	6.18250e+02	1.66000e+03	2.77074e-02	6.20000e+02
1661	6.18744e+02	1.66100e+03	2.76896e-02	6.20500e+02
1662	6.19219e+02	1.66200e+03	2.76706e-02	6.21000e+02
1663	6.19703e+02	1.66300e+03	2.76504e-02	6.21500e+02
1664	6.20195e+02	1.66400e+03	2.76223e-02	6.22000e+02
1665	6.20681e+02	1.66500e+03	2.76025e-02	6.22500e+02
1666	6.21166e+02	1.66600e+03	2.75875e-02	6.23000e+02
1667	6.21650e+02	1.66700e+03	2.75749e-02	6.23500e+02
1668	6.22146e+02	1.66800e+03	2.75742e-02	6.24000e+02
1669	6.22631e+02	1.66900e+03	2.75725e-02	6.24500e+02
1670	6.23121e+02	1.67000e+03	2.75729e-02	6.25000e+02
1671	6.23614e+02	1.67100e+03	2.75751e-02	6.25500e+02
1672	6.24095e+02	1.67200e+03	2.75882e-02	6.26000e+02
1673	6.24596e+02	1.67300e+03	2.75971e-02	6.26500e+02
1674	6.25087e+02	1.67400e+03	2.76062e-02	6.27000e+02
1675	6.25567e+02	1.67500e+03	2.76160e-02	6.27500e+02
1676	6.26068e+02	1.67600e+03	2.76253e-02	6.28000e+02
1677	6.26557e+02	1.67700e+03	2.76315e-02	6.28500e+02
1678	6.27044e+02	1.67800e+03	2.76349e-02	6.29000e+02
1679	6.27552e+02	1.67900e+03	2.76362e-02	6.29500e+02
1680	6.28029e+02	1.68000e+03	2.76277e-02	6.30000e+02
1681	6.28527e+02	1.68100e+03	2.76194e-02	6.30500e+02
1682	6.29021e+02	1.68200e+03	2.76086e-02	6.31000e+02
1683	6.29517e+02	1.68300e+03	2.75961e-02	6.31500e+02
1684	6.30019e+02	1.68400e+03	2.75751e-02	6.32000e+02
1685	6.30513e+02	1.68500e+03	2.75593e-02	6.32500e+02
1686	6.31017e+02	1.68600e+03	2.75459e-02	6.33000e+02
1687	6.31503e+02	1.68700e+03	2.75336e-02	6.33500e+02
1688	6.31999e+02	1.68800e+03	2.75228e-02	6.34000e+02
1689	6.32501e+02	1.68900e+03	2.75113e-02	6.34500e+02
1690	6.33002e+02	1.69000e+03	2.75001e-02	6.35000e+02
1691	6.33509e+02	1.69100e+03	2.74892e-02	6.35500e+02
1692	6.34014e+02	1.69200e+03	2.74816e-02	6.36000e+02
1693	6.34512e+02	1.69300e+03	2.74756e-02	6.36500e+02
1694	6.35008e+02	1.69400e+03	2.74722e-02	6.37000e+02
1695	6.35505e+02	1.69500e+03	2.74709e-02	6.37500e+02
1696	6.36002e+02	1.69600e+03	2.74796e-02	6.38000e+02
1697	6.36503e+02	1.69700e+03	2.74881e-02	6.38500e+02
1698	6.36990e+02	1.69800e+03	2.74972e-02	6.39000e+02
1699	6.37497e+02	1.69900e+03	2.75064e-02	6.39500e+02
1700	6.37990e+02	1.70000e+03	2.75208e-02	6.40000e+02
1701	6.38490e+02	1.70100e+03	2.75296e-02	6.40500e+02
1702	6.38986e+02	1.70200e+03	2.75368e-02	6.41000e+02
1703	6.39491e+02	1.70300e+03	2.75438e-02	6.41500e+02
1704	6.39994e+02	1.70400e+03	2.75444e-02	6.42000e+02
1705	6.40488e+02	1.70500e+03	2.75479e-02	6.42500e+02
1706	6.40994e+02	1.70600e+03	2.75507e-02	6.43000e+02
1707	6.41477e+02	1.70700e+03	2.75521e-02	6.43500e+02
1708	6.41983e+02	1.70800e+03	2.75511e-02	6.44000e+02
1709	6.42479e+02	1.70900e+03	2.75496e-02	6.44500e+02
1710	6.42976e+02	1.71000e+03	2.75475e-02	6.45000e+02
1711	6.43470e+02	1.71100e+03	2.75450e-02	6.45500e+02
1712	6.43975e+02	1.71200e+03	2.75388e-02	6.46000e+02
1713	6.44468e+02	1.71300e+03	2.75351e-02	6.46500e+02
1714	6.44969e+02	1.71400e+03	2.75321e-02	6.47000e+02
1715	6.45454e+02	1.71500e+03	2.75287e-02	6.47500e+02
1716	6.45962e+02	1.71600e+03	2.75196e-02	6.48000e+02
1717	6.46458e+02	1.71700e+03	2.75037e-02	6.48500e+02
1718	6.46964e+02	1.71800e+03	2.74783e-02	6.49000e+02
1719	6.47459e+02	1.71900e+03	2.74457e-02	6.49500e+02
1720	6.47954e+02	1.72000e+03	2.73840e-02	6.50000e+02
1721	6.48459e+02	1.72100e+03	2.73294e-02	6.50500e+02
1722	6.48956e+02	1.72200e+03	2.72785e-02	6.51000e+02
1723	6.49443e+02	1.72300e+03	2.72306e-02	6.51500e+02
1724	6.49943e+02	1.72400e+03	2.71960e-02	6.52000e+02
1725	6.50453e+02	1.72500e+03	2.71879e-02	6.52500e+02
1726	6.50946e+02	1.72600e+03	2.72002e-02	6.53000e+02
1727	6.51448e+02	1.72700e+03	2.72249e-02	6.53500e+02
1728	6.51954e+02	1.72800e+03	2.73263e-02	6.54000e+02
1729	6.52452e+02	1.72900e+03	2.74038e-02	6.54500e+02
1730	6.52949e+02	1.73000e+03	2.74847e-02	6.55000e+02
1731	6.53452e+02	1.73100e+03	2.75715e-02	6.55500e+02
1732	6.53938e+02	1.73200e+03	2.76781e-02	6.56000e+02
1733	6.54439e+02	1.73300e+03	2.77640e-02	6.56500e+02
1734	6.54952e+02	1.73400e+03	2.78384e-02	6.57000e+02
1735	6.55448e+02	1.73500e+03	2.79053e-02	6.57500e+02
1736	6.55929e+02	1.73600e+03	2.79290e-02	6.58000e+02
1737	6.56441e+02	1.73700e+03	2.79480e-02	6.58500e+02
1738	6.56939e+02	1.73800e+03	2.79529e-02	6.59000e+02
1739	6.57447e+02	1.73900e+03	2.79474e-02	6.59500e+02
1740	6.57940e+02	1.74000e+03	2.78812e-02	6.60000e+02
1741	6.58440e+02	1.74100e+03	2.78359e-02	6.60500e+02
1742	6.58948e+02	1.74200e+03	2.77934e-02	6.61000e+02
1743	6.59445e+02	1.74300e+03	2.77511e-02	6.61500e+02
1744	6.59940e+02	1.74400e+03	2.77018e-02	6.62000e+02
1745	6.60444e+02	1.74500e+03	2.76693e-02	6.62500e+02
1746	6.60955e+02	1.74600e+03	2.76462e-02	6.63000e+02
1747	6.61456e+02	1.74700e+03	2.76273e-02	6.63500e+02
1748	6.61954e+02	1.74800e+03	2.76376e-02	6.64000e+02
1749	6.62464e+02	1.74900e+03	2.76371e-02	6.64500e+02
1750	6.62972e+02	1.75000e+03	2.76368e-02	6.65000e+02
1751	6.63476e+02	1.75100e+03	2.76374e-02	6.65500e+02
1752	6.63974e+02	1.75200e+03	2.76458e-02	6.66000e+02
1753	6.64476e+02	1.75300e+03	2.76481e-02	6.66500e+02
1754	6.64986e+02	1.75400e+03	2.76480e-02	6.67000e+02
1755	6.65496e+02	1.75500e+03	2.76475e-02	6.67500e+02
1756	6.65990e+02	1.75600e+03	2.76415e-02	6.68000e+02
1757	6.66483e+02	1.75700e+03	2.76351e-02	6.68500e+02
1758	6.66986e+02	1.75800e+03	2.76279e-02	6.69000e+02
1759	6.67488e+02	1.75900e+03	2.76202e-02	6.69500e+02
1760	6.67982e+02	1.76000e+03	2.76020e-02	6.70000e+02
1761	6.68481e+02	1.76100e+03	2.75842e-02	6.70500e+02
1762	6.68986e+02	1.76200e+03	2.75648e-02	6.71000e+02
1763	6.69488e+02	1.76300e+03	2.75441e-02	6.71500e+02
1764	6.69978e+02	1.76400e+03	2.75154e-02	6.72000e+02
1765	6.70478e+02	1.76500e+03	2.74917e-02	6.72500e+02
1766	6.70972e+02	1.76600e+03	2.74712e-02	6.73000e+02
1767	6.71483e+02	1.76700e+03	2.74530e-02	6.73500e+02
1768	6.71984e+02	1.76800e+03	2.74445e-02	6.74000e+02
1769	6.72489e+02	1.76900e+03	2.74390e-02	6.74500e+02
1770	6.72984e+02	1.77000e+03	2.74362e-02	6.75000e+02
1771	6.73482e+02	1.77100e+03	2.74346e-02	6.75500e+02
1772	6.73984e+02	1.77200e+03	2.74457e-02	6.76000e+02
1773	6.74488e+02	1.77300e+03	2.74483e-02	6.76500e+02
1774	6.74986e+02	1.77400e+03	2.74491e-02	6.77000e+02
1775	6.75484e+02	1.77500e+03	2.74495e-02	6.77500e+02
1776	6.75986e+02	1.77600e+03	2.74439e-02	6.78000e+02
1777	6.76483e+02	1.77700e+03	2.74411e-02	6.78500e+02
1778	6.76976e+02	1.77800e+03	2.74394e-02	6.79000e+02
1779	6.77479e+02	1.77900e+03	2.74381e-02	6.79500e+02
1780	6.77964e+02	1.78000e+03	2.74374e-02	6.80000e+02
1781	6.78462e+02	1.78100e+03	2.74351e-02	6.80500e+02
1782	6.78973e+02	1.78200e+03	2.74289e-02	6.81000e+02
1783	6.79458e+02	1.78300e+03	2.74191e-02	6.81500e+02
1784	6.79958e+02	1.78400e+03	2.73911e-02	6.82000e+02
1785	6.80466e+02	1.78500e+03	2.73557e-02	6.82500e+02
1786	6.80962e+02	1.78600e+03	2.73141e-02	6.83000e+02
1787	6.81454e+02	1.78700e+03	2.72693e-02	6.83500e+02
1788	6.81943e+02	1.78800e+03	2.72026e-02	6.84000e+02
1789	6.82445e+02	1.78900e+03	2.71624e-02	6.84500e+02
1790	6.82945e+02	1.79000e+03	2.71407e-02	6.85000e+02
1791	6.83432e+02	1.79100e+03	2.71308e-02	6.85500e+02
1792	6.83925e+02	1.79200e+03	2.71856e-02	6.86000e+02
1793	6.84419e+02	1.79300e+03	2.72440e-02	6.86500e+02
1794	6.84902e+02	1.79400e+03	2.73161e-02	6.87000e+02
1795	6.85099e+02	1.79500e+03	2.73979e-02	6.87500e+02
1796	6.85265e+02	1.79600e+03	2.75421e-02	6.88000e+02
1797	6.85589e+02	1.79700e+03	2.76465e-02	6.88500e+02
1798	6.85959e+02	1.79800e+03	2.77406e-02	6.89000e+02
1799	6.86347e+02	1.79900e+03	2.78313e-02	6.89500e+02
1800	6.86720e+02	1.80000e+03	2.78911e-02	6.90000e+02
1801	6.87072e+02	1.80100e+03	2.79443e-02	6.90500e+02
1802	6.87419e+02	1.80200e+03	2.79802e-02	6.91000e+02
1803	6.87760e+02	1.80300e+03	2.80035e-02	6.91500e+02
1804	6.88073e+02	1.80400e+03	2.79795e-02	6.92000e+02
1805	6.88385e+02	1.80500e+03	2.79690e-02	6.92500e+02
1806	6.88700e+02	1.80600e+03	2.79569e-02	6.93000e+02
1807	6.88989e+02	1.80700e+03	2.79419e-02	6.93500e+02
1808	6.89270e+02	1.80800e+03	2.79059e-02	6.94000e+02
1809	6.89558e+02	1.80900e+03	2.78822e-02	6.94500e+02
1810	6.89825e+02	1.81000e+03	2.78596e-02	6.95000e+02
1811	6.90090e+02	1.81100e+03	2.78361e-02	6.95500e+02
1812	6.90347e+02	1.81200e+03	2.78157e-02	6.96000e+02
1813	6.90583e+02	1.81300e+03	2.77937e-02	6.96500e+02
1814	6.90832e+02	1.81400e+03	2.77742e-02	6.97000e+02
1815	6.91075e+02	1.81500e+03	2.77578e-02	6.97500e+02
1816	6.91295e+02	1.81600e+03	2.77487e-02	6.98000e+02
1817	6.91524e+02	1.81700e+03	2.77459e-02	6.98500e+02
1818	6.91742e+02	1.81800e+03	2.77493e-02	6.99000e+02
1819	6.91954e+02	1.81900e+03	2.77566e-02	6.99500e+02
1820	6.92145e+02	1.82000e+03	2.77872e-02	7.00000e+02
