index	ts	t	weight	tr
[#]	[°C]	[s]	[mg]	[°C]
683	1.31331e+02	6.83000e+02	1.05972e+00	1.31500e+02
684	1.31836e+02	6.84000e+02	1.05970e+00	1.32000e+02
685	1.32353e+02	6.85000e+02	1.05969e+00	1.32500e+02
686	1.32850e+02	6.86000e+02	1.05967e+00	1.33000e+02
687	1.33344e+02	6.87000e+02	1.05966e+00	1.33500e+02
688	1.33852e+02	6.88000e+02	1.05965e+00	1.34000e+02
689	1.34352e+02	6.89000e+02	1.05964e+00	1.34500e+02
690	1.34867e+02	6.90000e+02	1.05962e+00	1.35000e+02
691	1.35357e+02	6.91000e+02	1.05961e+00	1.35500e+02
692	1.35861e+02	6.92000e+02	1.05959e+00	1.36000e+02
693	1.36381e+02	6.93000e+02	1.05957e+00	1.36500e+02
694	1.36888e+02	6.94000e+02	1.05955e+00	1.37000e+02
695	1.37391e+02	6.95000e+02	1.05952e+00	1.37500e+02
696	1.37880e+02	6.96000e+02	1.05948e+00	1.38000e+02
697	1.38390e+02	6.97000e+02	1.05945e+00	1.38500e+02
698	1.38896e+02	6.98000e+02	1.05941e+00	1.39000e+02
699	1.39402e+02	6.99000e+02	1.05937e+00	1.39500e+02
700	1.39904e+02	7.00000e+02	1.05933e+00	1.40000e+02
701	1.40415e+02	7.01000e+02	1.05929e+00	1.40500e+02
702	1.40916e+02	7.02000e+02	1.05925e+00	1.41000e+02
703	1.41415e+02	7.03000e+02	1.05921e+00	1.41500e+02
704	1.41917e+02	7.04000e+02	1.05917e+00	1.42000e+02
705	1.42421e+02	7.05000e+02	1.05913e+00	1.42500e+02
706	1.42929e+02	7.06000e+02	1.05909e+00	1.43000e+02
707	1.43435e+02	7.07000e+02	1.05906e+00	1.43500e+02
708	1.43946e+02	7.08000e+02	1.05903e+00	1.44000e+02
709	1.44440e+02	7.09000e+02	1.05900e+00	1.44500e+02
710	1.44936e+02	7.10000e+02	1.05897e+00	1.45000e+02
711	1.45456e+02	7.11000e+02	1.05894e+00	1.45500e+02
712	1.45954e+02	7.12000e+02	1.05892e+00	1.46000e+02
713	1.46458e+02	7.13000e+02	1.05889e+00	1.46500e+02
714	1.46962e+02	7.14000e+02	1.05886e+00	1.47000e+02
715	1.47462e+02	7.15000e+02	1.05882e+00	1.47500e+02
716	1.47969e+02	7.16000e+02	1.05878e+00	1.48000e+02
717	1.48466e+02	7.17000e+02	1.05873e+00	1.48500e+02
718	1.48964e+02	7.18000e+02	1.05867e+00	1.49000e+02
719	1.49485e+02	7.19000e+02	1.05861e+00	1.49500e+02
720	1.49979e+02	7.20000e+02	1.05854e+00	1.50000e+02
721	1.50490e+02	7.21000e+02	1.05847e+00	1.50500e+02
722	1.50994e+02	7.22000e+02	1.05840e+00	1.51000e+02
723	1.51496e+02	7.23000e+02	1.05834e+00	1.51500e+02
724	1.51992e+02	7.24000e+02	1.05827e+00	1.52000e+02
725	1.52494e+02	7.25000e+02	1.05820e+00	1.52500e+02
726	1.53004e+02	7.26000e+02	1.05813e+00	1.53000e+02
727	1.53510e+02	7.27000e+02	1.05806e+00	1.53500e+02
728	1.54008e+02	7.28000e+02	1.05799e+00	1.54000e+02
729	1.54511e+02	7.29000e+02	1.05792e+00	1.54500e+02
730	1.55022e+02	7.30000e+02	1.05784e+00	1.55000e+02
731	1.55535e+02	7.31000e+02	1.05776e+00	1.55500e+02
732	1.56036e+02	7.32000e+02	1.05766e+00	1.56000e+02
733	1.56536e+02	7.33000e+02	1.05757e+00	1.56500e+02
734	1.57050e+02	7.34000e+02	1.05748e+00	1.57000e+02
735	1.57546e+02	7.35000e+02	1.05739e+00	1.57500e+02
736	1.58052e+02	7.36000e+02	1.05728e+00	1.58000e+02
737	1.58569e+02	7.37000e+02	1.05718e+00	1.58500e+02
738	1.59073e+02	7.38000e+02	1.05708e+00	1.59000e+02
739	1.59571e+02	7.39000e+02	1.05698e+00	1.59500e+02
740	1.60070e+02	7.40000e+02	1.05689e+00	1.60000e+02
741	1.60585e+02	7.41000e+02	1.05679e+00	1.60500e+02
742	1.61091e+02	7.42000e+02	1.05669e+00	1.61000e+02
743	1.61592e+02	7.43000e+02	1.05660e+00	1.61500e+02
744	1.62095e+02	7.44000e+02	1.05651e+00	1.62000e+02
745	1.62606e+02	7.45000e+02	1.05642e+00	1.62500e+02
746	1.63113e+02	7.46000e+02	1.05633e+00	1.63000e+02
747	1.63617e+02	7.47000e+02	1.05624e+00	1.63500e+02
748	1.64115e+02	7.48000e+02	1.05616e+00	1.64000e+02
749	1.64615e+02	7.49000e+02	1.05608e+00	1.64500e+02
750	1.65139e+02	7.50000e+02	1.05599e+00	1.65000e+02
751	1.65630e+02	7.51000e+02	1.05591e+00	1.65500e+02
752	1.66133e+02	7.52000e+02	1.05582e+00	1.66000e+02
753	1.66653e+02	7.53000e+02	1.05573e+00	1.66500e+02
754	1.67159e+02	7.54000e+02	1.05564e+00	1.67000e+02
755	1.67668e+02	7.55000e+02	1.05554e+00	1.67500e+02
756	1.68160e+02	7.56000e+02	1.05543e+00	1.68000e+02
757	1.68664e+02	7.57000e+02	1.05531e+00	1.68500e+02
758	1.69189e+02	7.58000e+02	1.05519e+00	1.69000e+02
759	1.69691e+02	7.59000e+02	1.05505e+00	1.69500e+02
760	1.70197e+02	7.60000e+02	1.05489e+00	1.70000e+02
761	1.70712e+02	7.61000e+02	1.05473e+00	1.70500e+02
762	1.71209e+02	7.62000e+02	1.05458e+00	1.71000e+02
763	1.71719e+02	7.63000e+02	1.05442e+00	1.71500e+02
764	1.72233e+02	7.64000e+02	1.05425e+00	1.72000e+02
765	1.72727e+02	7.65000e+02	1.05409e+00	1.72500e+02
766	1.73234e+02	7.66000e+02	1.05394e+00	1.73000e+02
767	1.73743e+02	7.67000e+02	1.05379e+00	1.73500e+02
768	1.74252e+02	7.68000e+02	1.05365e+00	1.74000e+02
769	1.74753e+02	7.69000e+02	1.05352e+00	1.74500e+02
770	1.75271e+02	7.70000e+02	1.05338e+00	1.75000e+02
771	1.75770e+02	7.71000e+02	1.05324e+00	1.75500e+02
772	1.76281e+02	7.72000e+02	1.05311e+00	1.76000e+02
773	1.76795e+02	7.73000e+02	1.05297e+00	1.76500e+02
774	1.77291e+02	7.74000e+02	1.05282e+00	1.77000e+02
775	1.77790e+02	7.75000e+02	1.05266e+00	1.77500e+02
776	1.78311e+02	7.76000e+02	1.05248e+00	1.78000e+02
777	1.78815e+02	7.77000e+02	1.05229e+00	1.78500e+02
778	1.79317e+02	7.78000e+02	1.05210e+00	1.79000e+02
779	1.79833e+02	7.79000e+02	1.05190e+00	1.79500e+02
780	1.80334e+02	7.80000e+02	1.05166e+00	1.80000e+02
781	1.80846e+02	7.81000e+02	1.05143e+00	1.80500e+02
782	1.81354e+02	7.82000e+02	1.05120e+00	1.81000e+02
783	1.81853e+02	7.83000e+02	1.05096e+00	1.81500e+02
784	1.82376e+02	7.84000e+02	1.05070e+00	1.82000e+02
785	1.82888e+02	7.85000e+02	1.05045e+00	1.82500e+02
786	1.83390e+02	7.86000e+02	1.05019e+00	1.83000e+02
787	1.83888e+02	7.87000e+02	1.04992e+00	1.83500e+02
788	1.84398e+02	7.88000e+02	1.04962e+00	1.84000e+02
789	1.84916e+02	7.89000e+02	1.04931e+00	1.84500e+02
790	1.85414e+02	7.90000e+02	1.04899e+00	1.85000e+02
791	1.85930e+02	7.91000e+02	1.04865e+00	1.85500e+02
792	1.86439e+02	7.92000e+02	1.04825e+00	1.86000e+02
793	1.86945e+02	7.93000e+02	1.04785e+00	1.86500e+02
794	1.87451e+02	7.94000e+02	1.04745e+00	1.87000e+02
795	1.87959e+02	7.95000e+02	1.04704e+00	1.87500e+02
796	1.88477e+02	7.96000e+02	1.04658e+00	1.88000e+02
797	1.88991e+02	7.97000e+02	1.04614e+00	1.88500e+02
798	1.89492e+02	7.98000e+02	1.04569e+00	1.89000e+02
799	1.90006e+02	7.99000e+02	1.04524e+00	1.89500e+02
800	1.90505e+02	8.00000e+02	1.04476e+00	1.90000e+02
801	1.91020e+02	8.01000e+02	1.04429e+00	1.90500e+02
802	1.91528e+02	8.02000e+02	1.04382e+00	1.91000e+02
803	1.92043e+02	8.03000e+02	1.04335e+00	1.91500e+02
804	1.92552e+02	8.04000e+02	1.04286e+00	1.92000e+02
805	1.93069e+02	8.05000e+02	1.04237e+00	1.92500e+02
806	1.93575e+02	8.06000e+02	1.04189e+00	1.93000e+02
807	1.94079e+02	8.07000e+02	1.04139e+00	1.93500e+02
808	1.94580e+02	8.08000e+02	1.04089e+00	1.94000e+02
809	1.95095e+02	8.09000e+02	1.04039e+00	1.94500e+02
810	1.95599e+02	8.10000e+02	1.03988e+00	1.95000e+02
811	1.96112e+02	8.11000e+02	1.03938e+00	1.95500e+02
812	1.96620e+02	8.12000e+02	1.03887e+00	1.96000e+02
813	1.97140e+02	8.13000e+02	1.03836e+00	1.96500e+02
814	1.97636e+02	8.14000e+02	1.03786e+00	1.97000e+02
815	1.98150e+02	8.15000e+02	1.03736e+00	1.97500e+02
816	1.98659e+02	8.16000e+02	1.03686e+00	1.98000e+02
817	1.99161e+02	8.17000e+02	1.03637e+00	1.98500e+02
818	1.99682e+02	8.18000e+02	1.03589e+00	1.99000e+02
819	2.00180e+02	8.19000e+02	1.03540e+00	1.99500e+02
820	2.00691e+02	8.20000e+02	1.03493e+00	2.00000e+02
821	2.01201e+02	8.21000e+02	1.03447e+00	2.00500e+02
822	2.01702e+02	8.22000e+02	1.03400e+00	2.01000e+02
823	2.02203e+02	8.23000e+02	1.03354e+00	2.01500e+02
824	2.02711e+02	8.24000e+02	1.03311e+00	2.02000e+02
825	2.03216e+02	8.25000e+02	1.03267e+00	2.02500e+02
826	2.03719e+02	8.26000e+02	1.03225e+00	2.03000e+02
827	2.04231e+02	8.27000e+02	1.03183e+00	2.03500e+02
828	2.04732e+02	8.28000e+02	1.03145e+00	2.04000e+02
829	2.05227e+02	8.29000e+02	1.03107e+00	2.04500e+02
830	2.05740e+02	8.30000e+02	1.03070e+00	2.05000e+02
831	2.06242e+02	8.31000e+02	1.03033e+00	2.05500e+02
832	2.06748e+02	8.32000e+02	1.03000e+00	2.06000e+02
833	2.07247e+02	8.33000e+02	1.02967e+00	2.06500e+02
834	2.07770e+02	8.34000e+02	1.02934e+00	2.07000e+02
835	2.08270e+02	8.35000e+02	1.02902e+00	2.07500e+02
836	2.08777e+02	8.36000e+02	1.02873e+00	2.08000e+02
837	2.09281e+02	8.37000e+02	1.02845e+00	2.08500e+02
838	2.09790e+02	8.38000e+02	1.02817e+00	2.09000e+02
839	2.10289e+02	8.39000e+02	1.02790e+00	2.09500e+02
840	2.10788e+02	8.40000e+02	1.02767e+00	2.10000e+02
841	2.11298e+02	8.41000e+02	1.02743e+00	2.10500e+02
842	2.11798e+02	8.42000e+02	1.02718e+00	2.11000e+02
843	2.12297e+02	8.43000e+02	1.02695e+00	2.11500e+02
844	2.12811e+02	8.44000e+02	1.02672e+00	2.12000e+02
845	2.13319e+02	8.45000e+02	1.02650e+00	2.12500e+02
846	2.13817e+02	8.46000e+02	1.02628e+00	2.13000e+02
847	2.14328e+02	8.47000e+02	1.02607e+00	2.13500e+02
848	2.14828e+02	8.48000e+02	1.02589e+00	2.14000e+02
849	2.15333e+02	8.49000e+02	1.02572e+00	2.14500e+02
850	2.15838e+02	8.50000e+02	1.02556e+00	2.15000e+02
851	2.16344e+02	8.51000e+02	1.02541e+00	2.15500e+02
852	2.16852e+02	8.52000e+02	1.02533e+00	2.16000e+02
853	2.17357e+02	8.53000e+02	1.02522e+00	2.16500e+02
854	2.17859e+02	8.54000e+02	1.02512e+00	2.17000e+02
855	2.18359e+02	8.55000e+02	1.02502e+00	2.17500e+02
856	2.18878e+02	8.56000e+02	1.02493e+00	2.18000e+02
857	2.19388e+02	8.57000e+02	1.02483e+00	2.18500e+02
858	2.19899e+02	8.58000e+02	1.02472e+00	2.19000e+02
859	2.20412e+02	8.59000e+02	1.02460e+00	2.19500e+02
860	2.20911e+02	8.60000e+02	1.02447e+00	2.20000e+02
861	2.21420e+02	8.61000e+02	1.02434e+00	2.20500e+02
862	2.21924e+02	8.62000e+02	1.02423e+00	2.21000e+02
863	2.22440e+02	8.63000e+02	1.02411e+00	2.21500e+02
864	2.22934e+02	8.64000e+02	1.02401e+00	2.22000e+02
865	2.23440e+02	8.65000e+02	1.02390e+00	2.22500e+02
866	2.23945e+02	8.66000e+02	1.02380e+00	2.23000e+02
867	2.24465e+02	8.67000e+02	1.02369e+00	2.23500e+02
868	2.24975e+02	8.68000e+02	1.02359e+00	2.24000e+02
869	2.25474e+02	8.69000e+02	1.02348e+00	2.24500e+02
870	2.25972e+02	8.70000e+02	1.02337e+00	2.25000e+02
871	2.26477e+02	8.71000e+02	1.02325e+00	2.25500e+02
872	2.26973e+02	8.72000e+02	1.02312e+00	2.26000e+02
873	2.27490e+02	8.73000e+02	1.02299e+00	2.26500e+02
874	2.27996e+02	8.74000e+02	1.02287e+00	2.27000e+02
875	2.28495e+02	8.75000e+02	1.02275e+00	2.27500e+02
876	2.29001e+02	8.76000e+02	1.02263e+00	2.28000e+02
877	2.29511e+02	8.77000e+02	1.02251e+00	2.28500e+02
878	2.30016e+02	8.78000e+02	1.02240e+00	2.29000e+02
879	2.30528e+02	8.79000e+02	1.02228e+00	2.29500e+02
880	2.31030e+02	8.80000e+02	1.02216e+00	2.30000e+02
881	2.31533e+02	8.81000e+02	1.02204e+00	2.30500e+02
882	2.32049e+02	8.82000e+02	1.02191e+00	2.31000e+02
883	2.32543e+02	8.83000e+02	1.02178e+00	2.31500e+02
884	2.33068e+02	8.84000e+02	1.02164e+00	2.32000e+02
885	2.33552e+02	8.85000e+02	1.02150e+00	2.32500e+02
886	2.34066e+02	8.86000e+02	1.02137e+00	2.33000e+02
887	2.34572e+02	8.87000e+02	1.02123e+00	2.33500e+02
888	2.35075e+02	8.88000e+02	1.02109e+00	2.34000e+02
889	2.35595e+02	8.89000e+02	1.02095e+00	2.34500e+02
890	2.36091e+02	8.90000e+02	1.02081e+00	2.35000e+02
891	2.36591e+02	8.91000e+02	1.02067e+00	2.35500e+02
892	2.37114e+02	8.92000e+02	1.02053e+00	2.36000e+02
893	2.37615e+02	8.93000e+02	1.02038e+00	2.36500e+02
894	2.38107e+02	8.94000e+02	1.02024e+00	2.37000e+02
895	2.38616e+02	8.95000e+02	1.02009e+00	2.37500e+02
896	2.39122e+02	8.96000e+02	1.01994e+00	2.38000e+02
897	2.39628e+02	8.97000e+02	1.01980e+00	2.38500e+02
898	2.40129e+02	8.98000e+02	1.01965e+00	2.39000e+02
899	2.40630e+02	8.99000e+02	1.01951e+00	2.39500e+02
900	2.41123e+02	9.00000e+02	1.01938e+00	2.40000e+02
901	2.41641e+02	9.01000e+02	1.01926e+00	2.40500e+02
902	2.42138e+02	9.02000e+02	1.01913e+00	2.41000e+02
903	2.42651e+02	9.03000e+02	1.01901e+00	2.41500e+02
904	2.43162e+02	9.04000e+02	1.01891e+00	2.42000e+02
905	2.43656e+02	9.05000e+02	1.01880e+00	2.42500e+02
906	2.44165e+02	9.06000e+02	1.01869e+00	2.43000e+02
907	2.44671e+02	9.07000e+02	1.01857e+00	2.43500e+02
908	2.45167e+02	9.08000e+02	1.01845e+00	2.44000e+02
909	2.45672e+02	9.09000e+02	1.01832e+00	2.44500e+02
910	2.46177e+02	9.10000e+02	1.01819e+00	2.45000e+02
911	2.46681e+02	9.11000e+02	1.01805e+00	2.45500e+02
912	2.47180e+02	9.12000e+02	1.01790e+00	2.46000e+02
913	2.47695e+02	9.13000e+02	1.01775e+00	2.46500e+02
914	2.48190e+02	9.14000e+02	1.01761e+00	2.47000e+02
915	2.48691e+02	9.15000e+02	1.01747e+00	2.47500e+02
916	2.49208e+02	9.16000e+02	1.01734e+00	2.48000e+02
917	2.49707e+02	9.17000e+02	1.01722e+00	2.48500e+02
918	2.50213e+02	9.18000e+02	1.01710e+00	2.49000e+02
919	2.50720e+02	9.19000e+02	1.01699e+00	2.49500e+02
920	2.51211e+02	9.20000e+02	1.01691e+00	2.50000e+02
921	2.51732e+02	9.21000e+02	1.01682e+00	2.50500e+02
922	2.52230e+02	9.22000e+02	1.01673e+00	2.51000e+02
923	2.52744e+02	9.23000e+02	1.01663e+00	2.51500e+02
924	2.53239e+02	9.24000e+02	1.01654e+00	2.52000e+02
925	2.53746e+02	9.25000e+02	1.01645e+00	2.52500e+02
926	2.54250e+02	9.26000e+02	1.01636e+00	2.53000e+02
927	2.54746e+02	9.27000e+02	1.01627e+00	2.53500e+02
928	2.55249e+02	9.28000e+02	1.01618e+00	2.54000e+02
929	2.55766e+02	9.29000e+02	1.01609e+00	2.54500e+02
930	2.56271e+02	9.30000e+02	1.01599e+00	2.55000e+02
931	2.56785e+02	9.31000e+02	1.01590e+00	2.55500e+02
932	2.57312e+02	9.32000e+02	1.01579e+00	2.56000e+02
933	2.57822e+02	9.33000e+02	1.01569e+00	2.56500e+02
934	2.58323e+02	9.34000e+02	1.01557e+00	2.57000e+02
935	2.58830e+02	9.35000e+02	1.01546e+00	2.57500e+02
936	2.59339e+02	9.36000e+02	1.01534e+00	2.58000e+02
937	2.59846e+02	9.37000e+02	1.01523e+00	2.58500e+02
938	2.60358e+02	9.38000e+02	1.01512e+00	2.59000e+02
939	2.60864e+02	9.39000e+02	1.01502e+00	2.59500e+02
940	2.61374e+02	9.40000e+02	1.01494e+00	2.60000e+02
941	2.61895e+02	9.41000e+02	1.01485e+00	2.60500e+02
942	2.62398e+02	9.42000e+02	1.01478e+00	2.61000e+02
943	2.62907e+02	9.43000e+02	1.01470e+00	2.61500e+02
944	2.63424e+02	9.44000e+02	1.01466e+00	2.62000e+02
945	2.63936e+02	9.45000e+02	1.01461e+00	2.62500e+02
946	2.64442e+02	9.46000e+02	1.01456e+00	2.63000e+02
947	2.64952e+02	9.47000e+02	1.01452e+00	2.63500e+02
948	2.65448e+02	9.48000e+02	1.01450e+00	2.64000e+02
949	2.65960e+02	9.49000e+02	1.01446e+00	2.64500e+02
950	2.66488e+02	9.50000e+02	1.01442e+00	2.65000e+02
951	2.66996e+02	9.51000e+02	1.01437e+00	2.65500e+02
952	2.67495e+02	9.52000e+02	1.01430e+00	2.66000e+02
953	2.67990e+02	9.53000e+02	1.01422e+00	2.66500e+02
954	2.68487e+02	9.54000e+02	1.01413e+00	2.67000e+02
955	2.69011e+02	9.55000e+02	1.01404e+00	2.67500e+02
956	2.69503e+02	9.56000e+02	1.01391e+00	2.68000e+02
957	2.70006e+02	9.57000e+02	1.01380e+00	2.68500e+02
958	2.70505e+02	9.58000e+02	1.01370e+00	2.69000e+02
959	2.71009e+02	9.59000e+02	1.01360e+00	2.69500e+02
960	2.71498e+02	9.60000e+02	1.01351e+00	2.70000e+02
961	2.72001e+02	9.61000e+02	1.01341e+00	2.70500e+02
962	2.72514e+02	9.62000e+02	1.01331e+00	2.71000e+02
963	2.73033e+02	9.63000e+02	1.01321e+00	2.71500e+02
964	2.73568e+02	9.64000e+02	1.01310e+00	2.72000e+02
965	2.74074e+02	9.65000e+02	1.01299e+00	2.72500e+02
966	2.74580e+02	9.66000e+02	1.01287e+00	2.73000e+02
967	2.75081e+02	9.67000e+02	1.01275e+00	2.73500e+02
968	2.75593e+02	9.68000e+02	1.01261e+00	2.74000e+02
969	2.76088e+02	9.69000e+02	1.01247e+00	2.74500e+02
970	2.76595e+02	9.70000e+02	1.01233e+00	2.75000e+02
971	2.77102e+02	9.71000e+02	1.01219e+00	2.75500e+02
972	2.77620e+02	9.72000e+02	1.01204e+00	2.76000e+02
973	2.78140e+02	9.73000e+02	1.01188e+00	2.76500e+02
974	2.78639e+02	9.74000e+02	1.01172e+00	2.77000e+02
975	2.79155e+02	9.75000e+02	1.01157e+00	2.77500e+02
976	2.79657e+02	9.76000e+02	1.01139e+00	2.78000e+02
977	2.80170e+02	9.77000e+02	1.01122e+00	2.78500e+02
978	2.80675e+02	9.78000e+02	1.01106e+00	2.79000e+02
979	2.81193e+02	9.79000e+02	1.01089e+00	2.79500e+02
980	2.81696e+02	9.80000e+02	1.01072e+00	2.80000e+02
981	2.82203e+02	9.81000e+02	1.01056e+00	2.80500e+02
982	2.82736e+02	9.82000e+02	1.01040e+00	2.81000e+02
983	2.83235e+02	9.83000e+02	1.01024e+00	2.81500e+02
984	2.83741e+02	9.84000e+02	1.01009e+00	2.82000e+02
985	2.84252e+02	9.85000e+02	1.00993e+00	2.82500e+02
986	2.84770e+02	9.86000e+02	1.00977e+00	2.83000e+02
987	2.85284e+02	9.87000e+02	1.00961e+00	2.83500e+02
988	2.85789e+02	9.88000e+02	1.00944e+00	2.84000e+02
989	2.86307e+02	9.89000e+02	1.00927e+00	2.84500e+02
990	2.86812e+02	9.90000e+02	1.00908e+00	2.85000e+02
991	2.87327e+02	9.91000e+02	1.00889e+00	2.85500e+02
992	2.87834e+02	9.92000e+02	1.00866e+00	2.86000e+02
993	2.88360e+02	9.93000e+02	1.00844e+00	2.86500e+02
994	2.88871e+02	9.94000e+02	1.00820e+00	2.87000e+02
995	2.89383e+02	9.95000e+02	1.00796e+00	2.87500e+02
996	2.89881e+02	9.96000e+02	1.00767e+00	2.88000e+02
997	2.90398e+02	9.97000e+02	1.00739e+00	2.88500e+02
998	2.90905e+02	9.98000e+02	1.00710e+00	2.89000e+02
999	2.91383e+02	9.99000e+02	1.00681e+00	2.89500e+02
1000	2.91899e+02	1.00000e+03	1.00647e+00	2.90000e+02
1001	2.92398e+02	1.00100e+03	1.00613e+00	2.90500e+02
1002	2.92915e+02	1.00200e+03	1.00579e+00	2.91000e+02
1003	2.93406e+02	1.00300e+03	1.00545e+00	2.91500e+02
1004	2.93908e+02	1.00400e+03	1.00506e+00	2.92000e+02
1005	2.94410e+02	1.00500e+03	1.00468e+00	2.92500e+02
1006	2.94916e+02	1.00600e+03	1.00430e+00	2.93000e+02
1007	2.95411e+02	1.00700e+03	1.00391e+00	2.93500e+02
1008	2.95916e+02	1.00800e+03	1.00350e+00	2.94000e+02
1009	2.96419e+02	1.00900e+03	1.00309e+00	2.94500e+02
1010	2.96936e+02	1.01000e+03	1.00268e+00	2.95000e+02
1011	2.97430e+02	1.01100e+03	1.00225e+00	2.95500e+02
1012	2.97936e+02	1.01200e+03	1.00179e+00	2.96000e+02
1013	2.98446e+02	1.01300e+03	1.00134e+00	2.96500e+02
1014	2.98958e+02	1.01400e+03	1.00087e+00	2.97000e+02
1015	2.99473e+02	1.01500e+03	1.00039e+00	2.97500e+02
1016	2.99999e+02	1.01600e+03	9.99867e-01	2.98000e+02
1017	3.00511e+02	1.01700e+03	9.99345e-01	2.98500e+02
1018	3.01025e+02	1.01800e+03	9.98814e-01	2.99000e+02
1019	3.01530e+02	1.01900e+03	9.98276e-01	2.99500e+02
1020	3.02030e+02	1.02000e+03	9.97697e-01	3.00000e+02
1021	3.02540e+02	1.02100e+03	9.97135e-01	3.00500e+02
1022	3.03037e+02	1.02200e+03	9.96573e-01	3.01000e+02
1023	3.03538e+02	1.02300e+03	9.96008e-01	3.01500e+02
1024	3.04042e+02	1.02400e+03	9.95429e-01	3.02000e+02
1025	3.04542e+02	1.02500e+03	9.94847e-01	3.02500e+02
1026	3.05049e+02	1.02600e+03	9.94257e-01	3.03000e+02
1027	3.05553e+02	1.02700e+03	9.93658e-01	3.03500e+02
1028	3.06041e+02	1.02800e+03	9.93024e-01	3.04000e+02
1029	3.06546e+02	1.02900e+03	9.92387e-01	3.04500e+02
1030	3.07035e+02	1.03000e+03	9.91734e-01	3.05000e+02
1031	3.07536e+02	1.03100e+03	9.91070e-01	3.05500e+02
1032	3.08034e+02	1.03200e+03	9.90345e-01	3.06000e+02
1033	3.08532e+02	1.03300e+03	9.89630e-01	3.06500e+02
1034	3.09021e+02	1.03400e+03	9.88905e-01	3.07000e+02
1035	3.09516e+02	1.03500e+03	9.88171e-01	3.07500e+02
1036	3.10013e+02	1.03600e+03	9.87387e-01	3.08000e+02
1037	3.10510e+02	1.03700e+03	9.86616e-01	3.08500e+02
1038	3.11013e+02	1.03800e+03	9.85841e-01	3.09000e+02
1039	3.11521e+02	1.03900e+03	9.85061e-01	3.09500e+02
1040	3.12016e+02	1.04000e+03	9.84250e-01	3.10000e+02
1041	3.12520e+02	1.04100e+03	9.83446e-01	3.10500e+02
1042	3.13023e+02	1.04200e+03	9.82639e-01	3.11000e+02
1043	3.13531e+02	1.04300e+03	9.81829e-01	3.11500e+02
1044	3.14030e+02	1.04400e+03	9.80998e-01	3.12000e+02
1045	3.14547e+02	1.04500e+03	9.80169e-01	3.12500e+02
1046	3.15030e+02	1.04600e+03	9.79335e-01	3.13000e+02
1047	3.15510e+02	1.04700e+03	9.78497e-01	3.13500e+02
1048	3.16000e+02	1.04800e+03	9.77640e-01	3.14000e+02
1049	3.16492e+02	1.04900e+03	9.76785e-01	3.14500e+02
1050	3.16956e+02	1.05000e+03	9.75926e-01	3.15000e+02
1051	3.17420e+02	1.05100e+03	9.75062e-01	3.15500e+02
1052	3.17905e+02	1.05200e+03	9.74181e-01	3.16000e+02
1053	3.18366e+02	1.05300e+03	9.73305e-01	3.16500e+02
1054	3.18855e+02	1.05400e+03	9.72426e-01	3.17000e+02
1055	3.19348e+02	1.05500e+03	9.71544e-01	3.17500e+02
1056	3.19827e+02	1.05600e+03	9.70652e-01	3.18000e+02
1057	3.20319e+02	1.05700e+03	9.69763e-01	3.18500e+02
1058	3.20806e+02	1.05800e+03	9.68874e-01	3.19000e+02
1059	3.21291e+02	1.05900e+03	9.67985e-01	3.19500e+02
1060	3.21786e+02	1.06000e+03	9.67093e-01	3.20000e+02
1061	3.22283e+02	1.06100e+03	9.66201e-01	3.20500e+02
1062	3.22778e+02	1.06200e+03	9.65308e-01	3.21000e+02
1063	3.23278e+02	1.06300e+03	9.64413e-01	3.21500e+02
1064	3.23757e+02	1.06400e+03	9.63520e-01	3.22000e+02
1065	3.24238e+02	1.06500e+03	9.62627e-01	3.22500e+02
1066	3.24733e+02	1.06600e+03	9.61734e-01	3.23000e+02
1067	3.25225e+02	1.06700e+03	9.60840e-01	3.23500e+02
1068	3.25728e+02	1.06800e+03	9.59945e-01	3.24000e+02
1069	3.26223e+02	1.06900e+03	9.59047e-01	3.24500e+02
1070	3.26713e+02	1.07000e+03	9.58143e-01	3.25000e+02
1071	3.27214e+02	1.07100e+03	9.57235e-01	3.25500e+02
1072	3.27711e+02	1.07200e+03	9.56310e-01	3.26000e+02
1073	3.28208e+02	1.07300e+03	9.55381e-01	3.26500e+02
1074	3.28697e+02	1.07400e+03	9.54444e-01	3.27000e+02
1075	3.29201e+02	1.07500e+03	9.53500e-01	3.27500e+02
1076	3.29682e+02	1.07600e+03	9.52520e-01	3.28000e+02
1077	3.30190e+02	1.07700e+03	9.51542e-01	3.28500e+02
1078	3.30678e+02	1.07800e+03	9.50551e-01	3.29000e+02
1079	3.31176e+02	1.07900e+03	9.49549e-01	3.29500e+02
1080	3.31671e+02	1.08000e+03	9.48485e-01	3.30000e+02
1081	3.32171e+02	1.08100e+03	9.47412e-01	3.30500e+02
1082	3.32676e+02	1.08200e+03	9.46312e-01	3.31000e+02
1083	3.33169e+02	1.08300e+03	9.45189e-01	3.31500e+02
1084	3.33674e+02	1.08400e+03	9.43950e-01	3.32000e+02
1085	3.34174e+02	1.08500e+03	9.42719e-01	3.32500e+02
1086	3.34673e+02	1.08600e+03	9.41461e-01	3.33000e+02
1087	3.35171e+02	1.08700e+03	9.40178e-01	3.33500e+02
1088	3.35673e+02	1.08800e+03	9.38771e-01	3.34000e+02
1089	3.36179e+02	1.08900e+03	9.37389e-01	3.34500e+02
1090	3.36697e+02	1.09000e+03	9.35985e-01	3.35000e+02
1091	3.37192e+02	1.09100e+03	9.34559e-01	3.35500e+02
1092	3.37706e+02	1.09200e+03	9.33024e-01	3.36000e+02
1093	3.38220e+02	1.09300e+03	9.31495e-01	3.36500e+02
1094	3.38710e+02	1.09400e+03	9.29933e-01	3.37000e+02
1095	3.39212e+02	1.09500e+03	9.28343e-01	3.37500e+02
1096	3.39712e+02	1.09600e+03	9.26607e-01	3.38000e+02
1097	3.40225e+02	1.09700e+03	9.24878e-01	3.38500e+02
1098	3.40716e+02	1.09800e+03	9.23107e-01	3.39000e+02
1099	3.41197e+02	1.09900e+03	9.21300e-01	3.39500e+02
1100	3.41684e+02	1.10000e+03	9.19301e-01	3.40000e+02
1101	3.42192e+02	1.10100e+03	9.17318e-01	3.40500e+02
1102	3.42701e+02	1.10200e+03	9.15289e-01	3.41000e+02
1103	3.43187e+02	1.10300e+03	9.13217e-01	3.41500e+02
1104	3.43677e+02	1.10400e+03	9.10932e-01	3.42000e+02
1105	3.44182e+02	1.10500e+03	9.08674e-01	3.42500e+02
1106	3.44685e+02	1.10600e+03	9.06372e-01	3.43000e+02
1107	3.45173e+02	1.10700e+03	9.04029e-01	3.43500e+02
1108	3.45675e+02	1.10800e+03	9.01469e-01	3.44000e+02
1109	3.46173e+02	1.10900e+03	8.98937e-01	3.44500e+02
1110	3.46663e+02	1.11000e+03	8.96354e-01	3.45000e+02
1111	3.47153e+02	1.11100e+03	8.93726e-01	3.45500e+02
1112	3.47645e+02	1.11200e+03	8.90867e-01	3.46000e+02
1113	3.48148e+02	1.11300e+03	8.88028e-01	3.46500e+02
1114	3.48635e+02	1.11400e+03	8.85130e-01	3.47000e+02
1115	3.49130e+02	1.11500e+03	8.82181e-01	3.47500e+02
1116	3.49620e+02	1.11600e+03	8.78965e-01	3.48000e+02
1117	3.50124e+02	1.11700e+03	8.75777e-01	3.48500e+02
1118	3.50608e+02	1.11800e+03	8.72525e-01	3.49000e+02
1119	3.51102e+02	1.11900e+03	8.69216e-01	3.49500e+02
1120	3.51602e+02	1.12000e+03	8.65606e-01	3.50000e+02
1121	3.52103e+02	1.12100e+03	8.62029e-01	3.50500e+02
1122	3.52590e+02	1.12200e+03	8.58383e-01	3.51000e+02
1123	3.53085e+02	1.12300e+03	8.54676e-01	3.51500e+02
1124	3.53576e+02	1.12400e+03	8.50655e-01	3.52000e+02
1125	3.54078e+02	1.12500e+03	8.46680e-01	3.52500e+02
1126	3.54574e+02	1.12600e+03	8.42643e-01	3.53000e+02
1127	3.55073e+02	1.12700e+03	8.38546e-01	3.53500e+02
1128	3.55563e+02	1.12800e+03	8.34150e-01	3.54000e+02
1129	3.56055e+02	1.12900e+03	8.29793e-01	3.54500e+02
1130	3.56545e+02	1.13000e+03	8.25370e-01	3.55000e+02
1131	3.57044e+02	1.13100e+03	8.20888e-01	3.55500e+02
1132	3.57532e+02	1.13200e+03	8.16096e-01	3.56000e+02
1133	3.58028e+02	1.13300e+03	8.11335e-01	3.56500e+02
1134	3.58521e+02	1.13400e+03	8.06503e-01	3.57000e+02
1135	3.59008e+02	1.13500e+03	8.01608e-01	3.57500e+02
1136	3.59507e+02	1.13600e+03	7.96376e-01	3.58000e+02
1137	3.59992e+02	1.13700e+03	7.91184e-01	3.58500e+02
1138	3.60499e+02	1.13800e+03	7.85915e-01	3.59000e+02
1139	3.60990e+02	1.13900e+03	7.80577e-01	3.59500e+02
1140	3.61486e+02	1.14000e+03	7.74886e-01	3.60000e+02
1141	3.61971e+02	1.14100e+03	7.69242e-01	3.60500e+02
1142	3.62469e+02	1.14200e+03	7.63529e-01	3.61000e+02
1143	3.62947e+02	1.14300e+03	7.57753e-01	3.61500e+02
1144	3.63448e+02	1.14400e+03	7.51644e-01	3.62000e+02
1145	3.63946e+02	1.14500e+03	7.45599e-01	3.62500e+02
1146	3.64428e+02	1.14600e+03	7.39500e-01	3.63000e+02
1147	3.64921e+02	1.14700e+03	7.33347e-01	3.63500e+02
1148	3.65405e+02	1.14800e+03	7.26921e-01	3.64000e+02
1149	3.65904e+02	1.14900e+03	7.20534e-01	3.64500e+02
1150	3.66398e+02	1.15000e+03	7.14093e-01	3.65000e+02
1151	3.66894e+02	1.15100e+03	7.07602e-01	3.65500e+02
1152	3.67375e+02	1.15200e+03	7.00850e-01	3.66000e+02
1153	3.67869e+02	1.15300e+03	6.94129e-01	3.66500e+02
1154	3.68373e+02	1.15400e+03	6.87349e-01	3.67000e+02
1155	3.68864e+02	1.15500e+03	6.80514e-01	3.67500e+02
1156	3.69348e+02	1.15600e+03	6.73400e-01	3.68000e+02
1157	3.69846e+02	1.15700e+03	6.66313e-01	3.68500e+02
1158	3.70329e+02	1.15800e+03	6.59162e-01	3.69000e+02
1159	3.70820e+02	1.15900e+03	6.51955e-01	3.69500e+02
1160	3.71307e+02	1.16000e+03	6.44461e-01	3.70000e+02
1161	3.71796e+02	1.16100e+03	6.37016e-01	3.70500e+02
1162	3.72293e+02	1.16200e+03	6.29525e-01	3.71000e+02
1163	3.72798e+02	1.16300e+03	6.21985e-01	3.71500e+02
1164	3.73280e+02	1.16400e+03	6.14203e-01	3.72000e+02
1165	3.73768e+02	1.16500e+03	6.06460e-01	3.72500e+02
1166	3.74256e+02	1.16600e+03	5.98672e-01	3.73000e+02
1167	3.74759e+02	1.16700e+03	5.90840e-01	3.73500e+02
1168	3.75244e+02	1.16800e+03	5.82797e-01	3.74000e+02
1169	3.75737e+02	1.16900e+03	5.74792e-01	3.74500e+02
1170	3.76224e+02	1.17000e+03	5.66759e-01	3.75000e+02
1171	3.76716e+02	1.17100e+03	5.58698e-01	3.75500e+02
1172	3.77213e+02	1.17200e+03	5.50474e-01	3.76000e+02
1173	3.77704e+02	1.17300e+03	5.42293e-01	3.76500e+02
1174	3.78200e+02	1.17400e+03	5.34089e-01	3.77000e+02
1175	3.78694e+02	1.17500e+03	5.25860e-01	3.77500e+02
1176	3.79182e+02	1.17600e+03	5.17522e-01	3.78000e+02
1177	3.79676e+02	1.17700e+03	5.09198e-01	3.78500e+02
1178	3.80190e+02	1.17800e+03	5.00856e-01	3.79000e+02
1179	3.80676e+02	1.17900e+03	4.92495e-01	3.79500e+02
1180	3.81175e+02	1.18000e+03	4.84044e-01	3.80000e+02
1181	3.81674e+02	1.18100e+03	4.75624e-01	3.80500e+02
1182	3.82177e+02	1.18200e+03	4.67203e-01	3.81000e+02
1183	3.82682e+02	1.18300e+03	4.58776e-01	3.81500e+02
1184	3.83173e+02	1.18400e+03	4.50320e-01	3.82000e+02
1185	3.83670e+02	1.18500e+03	4.41879e-01	3.82500e+02
1186	3.84172e+02	1.18600e+03	4.33445e-01	3.83000e+02
1187	3.84676e+02	1.18700e+03	4.25015e-01	3.83500e+02
1188	3.85170e+02	1.18800e+03	4.16600e-01	3.84000e+02
1189	3.85684e+02	1.18900e+03	4.08196e-01	3.84500e+02
1190	3.86201e+02	1.19000e+03	3.99807e-01	3.85000e+02
1191	3.86702e+02	1.19100e+03	3.91434e-01	3.85500e+02
1192	3.87197e+02	1.19200e+03	3.83121e-01	3.86000e+02
1193	3.87689e+02	1.19300e+03	3.74812e-01	3.86500e+02
1194	3.88188e+02	1.19400e+03	3.66533e-01	3.87000e+02
1195	3.88681e+02	1.19500e+03	3.58281e-01	3.87500e+02
1196	3.89172e+02	1.19600e+03	3.50161e-01	3.88000e+02
1197	3.89660e+02	1.19700e+03	3.42053e-01	3.88500e+02
1198	3.90145e+02	1.19800e+03	3.33999e-01	3.89000e+02
1199	3.90640e+02	1.19900e+03	3.25987e-01	3.89500e+02
1200	3.91146e+02	1.20000e+03	3.18193e-01	3.90000e+02
1201	3.91633e+02	1.20100e+03	3.10378e-01	3.90500e+02
1202	3.92130e+02	1.20200e+03	3.02617e-01	3.91000e+02
1203	3.92615e+02	1.20300e+03	2.94904e-01	3.91500e+02
1204	3.93113e+02	1.20400e+03	2.87442e-01	3.92000e+02
1205	3.93603e+02	1.20500e+03	2.79960e-01	3.92500e+02
1206	3.94096e+02	1.20600e+03	2.72548e-01	3.93000e+02
1207	3.94579e+02	1.20700e+03	2.65196e-01	3.93500e+02
1208	3.95081e+02	1.20800e+03	2.58145e-01	3.94000e+02
1209	3.95585e+02	1.20900e+03	2.51069e-01	3.94500e+02
1210	3.96101e+02	1.21000e+03	2.44067e-01	3.95000e+02
1211	3.96589e+02	1.21100e+03	2.37132e-01	3.95500e+02
1212	3.97074e+02	1.21200e+03	2.30549e-01	3.96000e+02
1213	3.97576e+02	1.21300e+03	2.23929e-01	3.96500e+02
1214	3.98069e+02	1.21400e+03	2.17396e-01	3.97000e+02
1215	3.98577e+02	1.21500e+03	2.10939e-01	3.97500e+02
1216	3.99075e+02	1.21600e+03	2.04873e-01	3.98000e+02
1217	3.99565e+02	1.21700e+03	1.98766e-01	3.98500e+02
1218	4.00054e+02	1.21800e+03	1.92747e-01	3.99000e+02
1219	4.00558e+02	1.21900e+03	1.86808e-01	3.99500e+02
1220	4.01064e+02	1.22000e+03	1.81289e-01	4.00000e+02
1221	4.01564e+02	1.22100e+03	1.75711e-01	4.00500e+02
1222	4.02064e+02	1.22200e+03	1.70218e-01	4.01000e+02
1223	4.02566e+02	1.22300e+03	1.64805e-01	4.01500e+02
1224	4.03063e+02	1.22400e+03	1.59803e-01	4.02000e+02
1225	4.03556e+02	1.22500e+03	1.54748e-01	4.02500e+02
1226	4.04058e+02	1.22600e+03	1.49781e-01	4.03000e+02
1227	4.04555e+02	1.22700e+03	1.44895e-01	4.03500e+02
1228	4.05051e+02	1.22800e+03	1.40421e-01	4.04000e+02
1229	4.05549e+02	1.22900e+03	1.35892e-01	4.04500e+02
1230	4.06043e+02	1.23000e+03	1.31448e-01	4.05000e+02
1231	4.06537e+02	1.23100e+03	1.27082e-01	4.05500e+02
1232	4.07035e+02	1.23200e+03	1.23119e-01	4.06000e+02
1233	4.07533e+02	1.23300e+03	1.19095e-01	4.06500e+02
1234	4.08023e+02	1.23400e+03	1.15148e-01	4.07000e+02
1235	4.08518e+02	1.23500e+03	1.11271e-01	4.07500e+02
1236	4.09009e+02	1.23600e+03	1.07764e-01	4.08000e+02
1237	4.09516e+02	1.23700e+03	1.04198e-01	4.08500e+02
1238	4.10007e+02	1.23800e+03	1.00704e-01	4.09000e+02
1239	4.10504e+02	1.23900e+03	9.72780e-02	4.09500e+02
1240	4.10996e+02	1.24000e+03	9.41960e-02	4.10000e+02
1241	4.11489e+02	1.24100e+03	9.10695e-02	4.10500e+02
1242	4.11995e+02	1.24200e+03	8.80157e-02	4.11000e+02
1243	4.12487e+02	1.24300e+03	8.50288e-02	4.11500e+02
1244	4.12980e+02	1.24400e+03	8.23819e-02	4.12000e+02
1245	4.13475e+02	1.24500e+03	7.96828e-02	4.12500e+02
1246	4.13981e+02	1.24600e+03	7.70486e-02	4.13000e+02
1247	4.14473e+02	1.24700e+03	7.44760e-02	4.13500e+02
1248	4.14968e+02	1.24800e+03	7.22193e-02	4.14000e+02
1249	4.15462e+02	1.24900e+03	6.99147e-02	4.14500e+02
1250	4.15966e+02	1.25000e+03	6.76712e-02	4.15000e+02
1251	4.16461e+02	1.25100e+03	6.54852e-02	4.15500e+02
1252	4.16954e+02	1.25200e+03	6.35929e-02	4.16000e+02
1253	4.17456e+02	1.25300e+03	6.16539e-02	4.16500e+02
1254	4.17936e+02	1.25400e+03	5.97680e-02	4.17000e+02
1255	4.18435e+02	1.25500e+03	5.79326e-02	4.17500e+02
1256	4.18934e+02	1.25600e+03	5.63610e-02	4.18000e+02
1257	4.19429e+02	1.25700e+03	5.47459e-02	4.18500e+02
1258	4.19916e+02	1.25800e+03	5.31802e-02	4.19000e+02
1259	4.20427e+02	1.25900e+03	5.16615e-02	4.19500e+02
1260	4.20915e+02	1.26000e+03	5.03746e-02	4.20000e+02
1261	4.21420e+02	1.26100e+03	4.90492e-02	4.20500e+02
1262	4.21918e+02	1.26200e+03	4.77634e-02	4.21000e+02
1263	4.22421e+02	1.26300e+03	4.65157e-02	4.21500e+02
1264	4.22920e+02	1.26400e+03	4.54672e-02	4.22000e+02
1265	4.23417e+02	1.26500e+03	4.43790e-02	4.22500e+02
1266	4.23918e+02	1.26600e+03	4.33224e-02	4.23000e+02
1267	4.24422e+02	1.26700e+03	4.22976e-02	4.23500e+02
1268	4.24928e+02	1.26800e+03	4.14347e-02	4.24000e+02
1269	4.25413e+02	1.26900e+03	4.05480e-02	4.24500e+02
1270	4.25923e+02	1.27000e+03	3.96932e-02	4.25000e+02
1271	4.26425e+02	1.27100e+03	3.88681e-02	4.25500e+02
1272	4.26916e+02	1.27200e+03	3.81938e-02	4.26000e+02
1273	4.27414e+02	1.27300e+03	3.74942e-02	4.26500e+02
1274	4.27909e+02	1.27400e+03	3.68203e-02	4.27000e+02
1275	4.28399e+02	1.27500e+03	3.61709e-02	4.27500e+02
1276	4.28906e+02	1.27600e+03	3.56487e-02	4.28000e+02
1277	4.29406e+02	1.27700e+03	3.51003e-02	4.28500e+02
1278	4.29897e+02	1.27800e+03	3.45698e-02	4.29000e+02
1279	4.30388e+02	1.27900e+03	3.40578e-02	4.29500e+02
1280	4.30893e+02	1.28000e+03	3.36428e-02	4.30000e+02
1281	4.31386e+02	1.28100e+03	3.32086e-02	4.30500e+02
1282	4.31882e+02	1.28200e+03	3.27884e-02	4.31000e+02
1283	4.32383e+02	1.28300e+03	3.23830e-02	4.31500e+02
1284	4.32873e+02	1.28400e+03	3.20554e-02	4.32000e+02
1285	4.33369e+02	1.28500e+03	3.17137e-02	4.32500e+02
1286	4.33859e+02	1.28600e+03	3.13847e-02	4.33000e+02
1287	4.34357e+02	1.28700e+03	3.10684e-02	4.33500e+02
1288	4.34865e+02	1.28800e+03	3.08158e-02	4.34000e+02
1289	4.35350e+02	1.28900e+03	3.05529e-02	4.34500e+02
1290	4.35857e+02	1.29000e+03	3.03026e-02	4.35000e+02
1291	4.36350e+02	1.29100e+03	3.00636e-02	4.35500e+02
1292	4.36839e+02	1.29200e+03	2.98758e-02	4.36000e+02
1293	4.37334e+02	1.29300e+03	2.96751e-02	4.36500e+02
1294	4.37845e+02	1.29400e+03	2.94787e-02	4.37000e+02
1295	4.38338e+02	1.29500e+03	2.92874e-02	4.37500e+02
1296	4.38835e+02	1.29600e+03	2.91198e-02	4.38000e+02
1297	4.39340e+02	1.29700e+03	2.89371e-02	4.38500e+02
1298	4.39834e+02	1.29800e+03	2.87520e-02	4.39000e+02
1299	4.40315e+02	1.29900e+03	2.85679e-02	4.39500e+02
1300	4.40808e+02	1.30000e+03	2.83875e-02	4.40000e+02
1301	4.41306e+02	1.30100e+03	2.82162e-02	4.40500e+02
1302	4.41820e+02	1.30200e+03	2.80554e-02	4.41000e+02
1303	4.42308e+02	1.30300e+03	2.79020e-02	4.41500e+02
1304	4.42792e+02	1.30400e+03	2.77828e-02	4.42000e+02
1305	4.43289e+02	1.30500e+03	2.76659e-02	4.42500e+02
1306	4.43770e+02	1.30600e+03	2.75611e-02	4.43000e+02
1307	4.44270e+02	1.30700e+03	2.74652e-02	4.43500e+02
1308	4.44752e+02	1.30800e+03	2.74171e-02	4.44000e+02
1309	4.45236e+02	1.30900e+03	2.73559e-02	4.44500e+02
1310	4.45730e+02	1.31000e+03	2.72974e-02	4.45000e+02
1311	4.46211e+02	1.31100e+03	2.72424e-02	4.45500e+02
1312	4.46701e+02	1.31200e+03	2.72077e-02	4.46000e+02
1313	4.47190e+02	1.31300e+03	2.71591e-02	4.46500e+02
1314	4.47680e+02	1.31400e+03	2.71052e-02	4.47000e+02
1315	4.48156e+02	1.31500e+03	2.70492e-02	4.47500e+02
1316	4.48637e+02	1.31600e+03	2.69864e-02	4.48000e+02
1317	4.49123e+02	1.31700e+03	2.69282e-02	4.48500e+02
1318	4.49615e+02	1.31800e+03	2.68725e-02	4.49000e+02
1319	4.50091e+02	1.31900e+03	2.68176e-02	4.49500e+02
1320	4.50579e+02	1.32000e+03	2.67623e-02	4.50000e+02
1321	4.51058e+02	1.32100e+03	2.67094e-02	4.50500e+02
1322	4.51548e+02	1.32200e+03	2.66583e-02	4.51000e+02
1323	4.52033e+02	1.32300e+03	2.66081e-02	4.51500e+02
1324	4.52520e+02	1.32400e+03	2.65653e-02	4.52000e+02
1325	4.53008e+02	1.32500e+03	2.65218e-02	4.52500e+02
1326	4.53501e+02	1.32600e+03	2.64795e-02	4.53000e+02
1327	4.53996e+02	1.32700e+03	2.64382e-02	4.53500e+02
1328	4.54487e+02	1.32800e+03	2.64029e-02	4.54000e+02
1329	4.54982e+02	1.32900e+03	2.63678e-02	4.54500e+02
1330	4.55470e+02	1.33000e+03	2.63347e-02	4.55000e+02
1331	4.55947e+02	1.33100e+03	2.63027e-02	4.55500e+02
1332	4.56443e+02	1.33200e+03	2.62774e-02	4.56000e+02
1333	4.56927e+02	1.33300e+03	2.62511e-02	4.56500e+02
1334	4.57419e+02	1.33400e+03	2.62266e-02	4.57000e+02
1335	4.57911e+02	1.33500e+03	2.62045e-02	4.57500e+02
1336	4.58394e+02	1.33600e+03	2.61952e-02	4.58000e+02
1337	4.58889e+02	1.33700e+03	2.61896e-02	4.58500e+02
1338	4.59381e+02	1.33800e+03	2.61910e-02	4.59000e+02
1339	4.59869e+02	1.33900e+03	2.61968e-02	4.59500e+02
1340	4.60338e+02	1.34000e+03	2.62237e-02	4.60000e+02
1341	4.60840e+02	1.34100e+03	2.62429e-02	4.60500e+02
1342	4.61334e+02	1.34200e+03	2.62601e-02	4.61000e+02
1343	4.61809e+02	1.34300e+03	2.62763e-02	4.61500e+02
1344	4.62310e+02	1.34400e+03	2.62896e-02	4.62000e+02
1345	4.62799e+02	1.34500e+03	2.62940e-02	4.62500e+02
1346	4.63291e+02	1.34600e+03	2.62926e-02	4.63000e+02
1347	4.63774e+02	1.34700e+03	2.62881e-02	4.63500e+02
1348	4.64257e+02	1.34800e+03	2.62610e-02	4.64000e+02
1349	4.64743e+02	1.34900e+03	2.62435e-02	4.64500e+02
1350	4.65233e+02	1.35000e+03	2.62273e-02	4.65000e+02
1351	4.65718e+02	1.35100e+03	2.62105e-02	4.65500e+02
1352	4.66206e+02	1.35200e+03	2.61902e-02	4.66000e+02
1353	4.66699e+02	1.35300e+03	2.61719e-02	4.66500e+02
1354	4.67190e+02	1.35400e+03	2.61536e-02	4.67000e+02
1355	4.67675e+02	1.35500e+03	2.61351e-02	4.67500e+02
1356	4.68174e+02	1.35600e+03	2.61172e-02	4.68000e+02
1357	4.68662e+02	1.35700e+03	2.60981e-02	4.68500e+02
1358	4.69158e+02	1.35800e+03	2.60791e-02	4.69000e+02
1359	4.69642e+02	1.35900e+03	2.60602e-02	4.69500e+02
1360	4.70128e+02	1.36000e+03	2.60402e-02	4.70000e+02
1361	4.70614e+02	1.36100e+03	2.60217e-02	4.70500e+02
1362	4.71092e+02	1.36200e+03	2.60042e-02	4.71000e+02
1363	4.71565e+02	1.36300e+03	2.59874e-02	4.71500e+02
1364	4.72053e+02	1.36400e+03	2.59747e-02	4.72000e+02
1365	4.72518e+02	1.36500e+03	2.59613e-02	4.72500e+02
1366	4.73003e+02	1.36600e+03	2.59484e-02	4.73000e+02
1367	4.73487e+02	1.36700e+03	2.59360e-02	4.73500e+02
1368	4.73978e+02	1.36800e+03	2.59262e-02	4.74000e+02
1369	4.74468e+02	1.36900e+03	2.59158e-02	4.74500e+02
1370	4.74955e+02	1.37000e+03	2.59057e-02	4.75000e+02
1371	4.75444e+02	1.37100e+03	2.58956e-02	4.75500e+02
1372	4.75933e+02	1.37200e+03	2.58877e-02	4.76000e+02
1373	4.76425e+02	1.37300e+03	2.58804e-02	4.76500e+02
1374	4.76921e+02	1.37400e+03	2.58730e-02	4.77000e+02
1375	4.77399e+02	1.37500e+03	2.58652e-02	4.77500e+02
1376	4.77890e+02	1.37600e+03	2.58554e-02	4.78000e+02
1377	4.78388e+02	1.37700e+03	2.58416e-02	4.78500e+02
1378	4.78869e+02	1.37800e+03	2.58243e-02	4.79000e+02
1379	4.79366e+02	1.37900e+03	2.58048e-02	4.79500e+02
1380	4.79859e+02	1.38000e+03	2.57755e-02	4.80000e+02
1381	4.80336e+02	1.38100e+03	2.57500e-02	4.80500e+02
1382	4.80832e+02	1.38200e+03	2.57254e-02	4.81000e+02
1383	4.81318e+02	1.38300e+03	2.57020e-02	4.81500e+02
1384	4.81808e+02	1.38400e+03	2.56818e-02	4.82000e+02
1385	4.82299e+02	1.38500e+03	2.56655e-02	4.82500e+02
1386	4.82788e+02	1.38600e+03	2.56534e-02	4.83000e+02
1387	4.83274e+02	1.38700e+03	2.56438e-02	4.83500e+02
1388	4.83766e+02	1.38800e+03	2.56444e-02	4.84000e+02
1389	4.84253e+02	1.38900e+03	2.56391e-02	4.84500e+02
1390	4.84752e+02	1.39000e+03	2.56330e-02	4.85000e+02
1391	4.85246e+02	1.39100e+03	2.56269e-02	4.85500e+02
1392	4.85734e+02	1.39200e+03	2.56240e-02	4.86000e+02
1393	4.86228e+02	1.39300e+03	2.56228e-02	4.86500e+02
1394	4.86722e+02	1.39400e+03	2.56240e-02	4.87000e+02
1395	4.87211e+02	1.39500e+03	2.56276e-02	4.87500e+02
1396	4.87701e+02	1.39600e+03	2.56391e-02	4.88000e+02
1397	4.88185e+02	1.39700e+03	2.56480e-02	4.88500e+02
1398	4.88684e+02	1.39800e+03	2.56554e-02	4.89000e+02
1399	4.89175e+02	1.39900e+03	2.56617e-02	4.89500e+02
1400	4.89670e+02	1.40000e+03	2.56636e-02	4.90000e+02
1401	4.90168e+02	1.40100e+03	2.56593e-02	4.90500e+02
1402	4.90649e+02	1.40200e+03	2.56490e-02	4.91000e+02
1403	4.91145e+02	1.40300e+03	2.56341e-02	4.91500e+02
1404	4.91639e+02	1.40400e+03	2.55964e-02	4.92000e+02
1405	4.92122e+02	1.40500e+03	2.55658e-02	4.92500e+02
1406	4.92615e+02	1.40600e+03	2.55369e-02	4.93000e+02
1407	4.93120e+02	1.40700e+03	2.55092e-02	4.93500e+02
1408	4.93611e+02	1.40800e+03	2.54819e-02	4.94000e+02
1409	4.94100e+02	1.40900e+03	2.54640e-02	4.94500e+02
1410	4.94595e+02	1.41000e+03	2.54507e-02	4.95000e+02
1411	4.95089e+02	1.41100e+03	2.54396e-02	4.95500e+02
1412	4.95579e+02	1.41200e+03	2.54483e-02	4.96000e+02
1413	4.96074e+02	1.41300e+03	2.54460e-02	4.96500e+02
1414	4.96567e+02	1.41400e+03	2.54405e-02	4.97000e+02
1415	4.97062e+02	1.41500e+03	2.54343e-02	4.97500e+02
1416	4.97551e+02	1.41600e+03	2.54262e-02	4.98000e+02
1417	4.98051e+02	1.41700e+03	2.54200e-02	4.98500e+02
1418	4.98541e+02	1.41800e+03	2.54161e-02	4.99000e+02
1419	4.99034e+02	1.41900e+03	2.54138e-02	4.99500e+02
1420	4.99527e+02	1.42000e+03	2.54149e-02	5.00000e+02
1421	5.00021e+02	1.42100e+03	2.54161e-02	5.00500e+02
1422	5.00517e+02	1.42200e+03	2.54163e-02	5.01000e+02
1423	5.01013e+02	1.42300e+03	2.54150e-02	5.01500e+02
1424	5.01507e+02	1.42400e+03	2.54101e-02	5.02000e+02
1425	5.01993e+02	1.42500e+03	2.53991e-02	5.02500e+02
1426	5.02488e+02	1.42600e+03	2.53856e-02	5.03000e+02
1427	5.02990e+02	1.42700e+03	2.53711e-02	5.03500e+02
1428	5.03474e+02	1.42800e+03	2.53449e-02	5.04000e+02
1429	5.03973e+02	1.42900e+03	2.53292e-02	5.04500e+02
1430	5.04471e+02	1.43000e+03	2.53185e-02	5.05000e+02
1431	5.04949e+02	1.43100e+03	2.53107e-02	5.05500e+02
1432	5.05441e+02	1.43200e+03	2.53207e-02	5.06000e+02
1433	5.05944e+02	1.43300e+03	2.53310e-02	5.06500e+02
1434	5.06442e+02	1.43400e+03	2.53460e-02	5.07000e+02
1435	5.06928e+02	1.43500e+03	2.53644e-02	5.07500e+02
1436	5.07424e+02	1.43600e+03	2.53968e-02	5.08000e+02
1437	5.07916e+02	1.43700e+03	2.54165e-02	5.08500e+02
1438	5.08404e+02	1.43800e+03	2.54280e-02	5.09000e+02
1439	5.08901e+02	1.43900e+03	2.54340e-02	5.09500e+02
1440	5.09378e+02	1.44000e+03	2.54163e-02	5.10000e+02
1441	5.09885e+02	1.44100e+03	2.53962e-02	5.10500e+02
1442	5.10383e+02	1.44200e+03	2.53707e-02	5.11000e+02
1443	5.10875e+02	1.44300e+03	2.53416e-02	5.11500e+02
1444	5.11367e+02	1.44400e+03	2.52848e-02	5.12000e+02
1445	5.11852e+02	1.44500e+03	2.52395e-02	5.12500e+02
1446	5.12347e+02	1.44600e+03	2.51907e-02	5.13000e+02
1447	5.12849e+02	1.44700e+03	2.51373e-02	5.13500e+02
1448	5.13340e+02	1.44800e+03	2.50685e-02	5.14000e+02
1449	5.13830e+02	1.44900e+03	2.50007e-02	5.14500e+02
1450	5.14327e+02	1.45000e+03	2.49375e-02	5.15000e+02
1451	5.14816e+02	1.45100e+03	2.48790e-02	5.15500e+02
1452	5.15318e+02	1.45200e+03	2.48393e-02	5.16000e+02
1453	5.15811e+02	1.45300e+03	2.48271e-02	5.16500e+02
1454	5.16299e+02	1.45400e+03	2.48383e-02	5.17000e+02
1455	5.16788e+02	1.45500e+03	2.48644e-02	5.17500e+02
1456	5.17286e+02	1.45600e+03	2.49793e-02	5.18000e+02
1457	5.17779e+02	1.45700e+03	2.50660e-02	5.18500e+02
1458	5.18268e+02	1.45800e+03	2.51511e-02	5.19000e+02
1459	5.18767e+02	1.45900e+03	2.52376e-02	5.19500e+02
1460	5.19263e+02	1.46000e+03	2.53321e-02	5.20000e+02
1461	5.19765e+02	1.46100e+03	2.53993e-02	5.20500e+02
1462	5.20257e+02	1.46200e+03	2.54517e-02	5.21000e+02
1463	5.20747e+02	1.46300e+03	2.54962e-02	5.21500e+02
1464	5.21243e+02	1.46400e+03	2.54879e-02	5.22000e+02
1465	5.21738e+02	1.46500e+03	2.54979e-02	5.22500e+02
1466	5.22233e+02	1.46600e+03	2.55065e-02	5.23000e+02
1467	5.22739e+02	1.46700e+03	2.55118e-02	5.23500e+02
1468	5.23235e+02	1.46800e+03	2.55004e-02	5.24000e+02
1469	5.23714e+02	1.46900e+03	2.54951e-02	5.24500e+02
1470	5.24209e+02	1.47000e+03	2.54893e-02	5.25000e+02
1471	5.24717e+02	1.47100e+03	2.54824e-02	5.25500e+02
1472	5.25211e+02	1.47200e+03	2.54727e-02	5.26000e+02
1473	5.25707e+02	1.47300e+03	2.54647e-02	5.26500e+02
1474	5.26199e+02	1.47400e+03	2.54562e-02	5.27000e+02
1475	5.26698e+02	1.47500e+03	2.54471e-02	5.27500e+02
1476	5.27192e+02	1.47600e+03	2.54381e-02	5.28000e+02
1477	5.27679e+02	1.47700e+03	2.54292e-02	5.28500e+02
1478	5.28177e+02	1.47800e+03	2.54198e-02	5.29000e+02
1479	5.28680e+02	1.47900e+03	2.54098e-02	5.29500e+02
1480	5.29168e+02	1.48000e+03	2.53987e-02	5.30000e+02
1481	5.29667e+02	1.48100e+03	2.53871e-02	5.30500e+02
1482	5.30158e+02	1.48200e+03	2.53755e-02	5.31000e+02
1483	5.30668e+02	1.48300e+03	2.53641e-02	5.31500e+02
1484	5.31153e+02	1.48400e+03	2.53520e-02	5.32000e+02
1485	5.31655e+02	1.48500e+03	2.53415e-02	5.32500e+02
1486	5.32145e+02	1.48600e+03	2.53322e-02	5.33000e+02
1487	5.32638e+02	1.48700e+03	2.53241e-02	5.33500e+02
1488	5.33131e+02	1.48800e+03	2.53226e-02	5.34000e+02
1489	5.33629e+02	1.48900e+03	2.53213e-02	5.34500e+02
1490	5.34128e+02	1.49000e+03	2.53212e-02	5.35000e+02
1491	5.34626e+02	1.49100e+03	2.53219e-02	5.35500e+02
1492	5.35118e+02	1.49200e+03	2.53235e-02	5.36000e+02
1493	5.35608e+02	1.49300e+03	2.53165e-02	5.36500e+02
1494	5.36103e+02	1.49400e+03	2.53035e-02	5.37000e+02
1495	5.36603e+02	1.49500e+03	2.52870e-02	5.37500e+02
1496	5.37103e+02	1.49600e+03	2.52516e-02	5.38000e+02
1497	5.37589e+02	1.49700e+03	2.52202e-02	5.38500e+02
1498	5.38091e+02	1.49800e+03	2.51886e-02	5.39000e+02
1499	5.38578e+02	1.49900e+03	2.51565e-02	5.39500e+02
1500	5.39080e+02	1.50000e+03	2.51183e-02	5.40000e+02
1501	5.39560e+02	1.50100e+03	2.50878e-02	5.40500e+02
1502	5.40057e+02	1.50200e+03	2.50620e-02	5.41000e+02
1503	5.40567e+02	1.50300e+03	2.50393e-02	5.41500e+02
1504	5.41060e+02	1.50400e+03	2.50334e-02	5.42000e+02
1505	5.41549e+02	1.50500e+03	2.50255e-02	5.42500e+02
1506	5.42037e+02	1.50600e+03	2.50211e-02	5.43000e+02
1507	5.42543e+02	1.50700e+03	2.50199e-02	5.43500e+02
1508	5.43040e+02	1.50800e+03	2.50350e-02	5.44000e+02
1509	5.43536e+02	1.50900e+03	2.50446e-02	5.44500e+02
1510	5.44035e+02	1.51000e+03	2.50527e-02	5.45000e+02
1511	5.44532e+02	1.51100e+03	2.50599e-02	5.45500e+02
1512	5.45024e+02	1.51200e+03	2.50664e-02	5.46000e+02
1513	5.45527e+02	1.51300e+03	2.50682e-02	5.46500e+02
1514	5.46023e+02	1.51400e+03	2.50676e-02	5.47000e+02
1515	5.46522e+02	1.51500e+03	2.50657e-02	5.47500e+02
1516	5.47012e+02	1.51600e+03	2.50535e-02	5.48000e+02
1517	5.47515e+02	1.51700e+03	2.50483e-02	5.48500e+02
1518	5.48006e+02	1.51800e+03	2.50463e-02	5.49000e+02
1519	5.48499e+02	1.51900e+03	2.50458e-02	5.49500e+02
1520	5.49001e+02	1.52000e+03	2.50502e-02	5.50000e+02
1521	5.49505e+02	1.52100e+03	2.50537e-02	5.50500e+02
1522	5.49994e+02	1.52200e+03	2.50574e-02	5.51000e+02
1523	5.50489e+02	1.52300e+03	2.50610e-02	5.51500e+02
1524	5.50989e+02	1.52400e+03	2.50652e-02	5.52000e+02
1525	5.51488e+02	1.52500e+03	2.50642e-02	5.52500e+02
1526	5.51996e+02	1.52600e+03	2.50584e-02	5.53000e+02
1527	5.52492e+02	1.52700e+03	2.50490e-02	5.53500e+02
1528	5.52991e+02	1.52800e+03	2.50148e-02	5.54000e+02
1529	5.53485e+02	1.52900e+03	2.49752e-02	5.54500e+02
1530	5.53983e+02	1.53000e+03	2.49270e-02	5.55000e+02
1531	5.54493e+02	1.53100e+03	2.48736e-02	5.55500e+02
1532	5.54988e+02	1.53200e+03	2.47948e-02	5.56000e+02
1533	5.55486e+02	1.53300e+03	2.47404e-02	5.56500e+02
1534	5.55983e+02	1.53400e+03	2.47025e-02	5.57000e+02
1535	5.56495e+02	1.53500e+03	2.46755e-02	5.57500e+02
1536	5.56990e+02	1.53600e+03	2.47005e-02	5.58000e+02
1537	5.57490e+02	1.53700e+03	2.47289e-02	5.58500e+02
1538	5.57988e+02	1.53800e+03	2.47659e-02	5.59000e+02
1539	5.58495e+02	1.53900e+03	2.48085e-02	5.59500e+02
1540	5.58993e+02	1.54000e+03	2.48989e-02	5.60000e+02
1541	5.59492e+02	1.54100e+03	2.49517e-02	5.60500e+02
1542	5.59991e+02	1.54200e+03	2.49914e-02	5.61000e+02
1543	5.60489e+02	1.54300e+03	2.50260e-02	5.61500e+02
1544	5.61002e+02	1.54400e+03	2.50211e-02	5.62000e+02
1545	5.61503e+02	1.54500e+03	2.50235e-02	5.62500e+02
1546	5.62009e+02	1.54600e+03	2.50203e-02	5.63000e+02
1547	5.62509e+02	1.54700e+03	2.50118e-02	5.63500e+02
1548	5.63012e+02	1.54800e+03	2.49769e-02	5.64000e+02
1549	5.63513e+02	1.54900e+03	2.49534e-02	5.64500e+02
1550	5.64014e+02	1.55000e+03	2.49320e-02	5.65000e+02
1551	5.64509e+02	1.55100e+03	2.49109e-02	5.65500e+02
1552	5.65012e+02	1.55200e+03	2.48934e-02	5.66000e+02
1553	5.65514e+02	1.55300e+03	2.48829e-02	5.66500e+02
1554	5.66013e+02	1.55400e+03	2.48775e-02	5.67000e+02
1555	5.66515e+02	1.55500e+03	2.48749e-02	5.67500e+02
1556	5.67011e+02	1.55600e+03	2.48863e-02	5.68000e+02
1557	5.67526e+02	1.55700e+03	2.48883e-02	5.68500e+02
1558	5.68017e+02	1.55800e+03	2.48879e-02	5.69000e+02
1559	5.68520e+02	1.55900e+03	2.48868e-02	5.69500e+02
1560	5.69024e+02	1.56000e+03	2.48805e-02	5.70000e+02
1561	5.69526e+02	1.56100e+03	2.48740e-02	5.70500e+02
1562	5.70034e+02	1.56200e+03	2.48671e-02	5.71000e+02
1563	5.70530e+02	1.56300e+03	2.48604e-02	5.71500e+02
1564	5.71024e+02	1.56400e+03	2.48480e-02	5.72000e+02
1565	5.71525e+02	1.56500e+03	2.48354e-02	5.72500e+02
1566	5.72028e+02	1.56600e+03	2.48211e-02	5.73000e+02
1567	5.72537e+02	1.56700e+03	2.48060e-02	5.73500e+02
1568	5.73034e+02	1.56800e+03	2.47910e-02	5.74000e+02
1569	5.73527e+02	1.56900e+03	2.47787e-02	5.74500e+02
1570	5.74032e+02	1.57000e+03	2.47689e-02	5.75000e+02
1571	5.74539e+02	1.57100e+03	2.47614e-02	5.75500e+02
1572	5.75047e+02	1.57200e+03	2.47663e-02	5.76000e+02
1573	5.75553e+02	1.57300e+03	2.47733e-02	5.76500e+02
1574	5.76048e+02	1.57400e+03	2.47831e-02	5.77000e+02
1575	5.76554e+02	1.57500e+03	2.47939e-02	5.77500e+02
1576	5.77070e+02	1.57600e+03	2.48163e-02	5.78000e+02
1577	5.77575e+02	1.57700e+03	2.48297e-02	5.78500e+02
1578	5.78076e+02	1.57800e+03	2.48400e-02	5.79000e+02
1579	5.78572e+02	1.57900e+03	2.48488e-02	5.79500e+02
1580	5.79086e+02	1.58000e+03	2.48496e-02	5.80000e+02
1581	5.79594e+02	1.58100e+03	2.48537e-02	5.80500e+02
1582	5.80109e+02	1.58200e+03	2.48583e-02	5.81000e+02
1583	5.80613e+02	1.58300e+03	2.48628e-02	5.81500e+02
1584	5.81130e+02	1.58400e+03	2.48670e-02	5.82000e+02
1585	5.81655e+02	1.58500e+03	2.48754e-02	5.82500e+02
1586	5.82165e+02	1.58600e+03	2.48878e-02	5.83000e+02
1587	5.82673e+02	1.58700e+03	2.49030e-02	5.83500e+02
1588	5.83179e+02	1.58800e+03	2.49288e-02	5.84000e+02
1589	5.83682e+02	1.58900e+03	2.49530e-02	5.84500e+02
1590	5.84191e+02	1.59000e+03	2.49775e-02	5.85000e+02
1591	5.84699e+02	1.59100e+03	2.50014e-02	5.85500e+02
1592	5.85201e+02	1.59200e+03	2.50242e-02	5.86000e+02
1593	5.85712e+02	1.59300e+03	2.50345e-02	5.86500e+02
1594	5.86220e+02	1.59400e+03	2.50357e-02	5.87000e+02
1595	5.86729e+02	1.59500e+03	2.50331e-02	5.87500e+02
1596	5.87234e+02	1.59600e+03	2.50085e-02	5.88000e+02
1597	5.87725e+02	1.59700e+03	2.49926e-02	5.88500e+02
1598	5.88234e+02	1.59800e+03	2.49767e-02	5.89000e+02
1599	5.88750e+02	1.59900e+03	2.49596e-02	5.89500e+02
1600	5.89243e+02	1.60000e+03	2.49340e-02	5.90000e+02
1601	5.89743e+02	1.60100e+03	2.49094e-02	5.90500e+02
1602	5.90246e+02	1.60200e+03	2.48835e-02	5.91000e+02
1603	5.90751e+02	1.60300e+03	2.48567e-02	5.91500e+02
1604	5.91258e+02	1.60400e+03	2.48288e-02	5.92000e+02
1605	5.91752e+02	1.60500e+03	2.48064e-02	5.92500e+02
1606	5.92269e+02	1.60600e+03	2.47877e-02	5.93000e+02
1607	5.92770e+02	1.60700e+03	2.47712e-02	5.93500e+02
1608	5.93281e+02	1.60800e+03	2.47660e-02	5.94000e+02
1609	5.93802e+02	1.60900e+03	2.47571e-02	5.94500e+02
1610	5.94300e+02	1.61000e+03	2.47456e-02	5.95000e+02
1611	5.94812e+02	1.61100e+03	2.47322e-02	5.95500e+02
1612	5.95321e+02	1.61200e+03	2.47199e-02	5.96000e+02
1613	5.95829e+02	1.61300e+03	2.47044e-02	5.96500e+02
1614	5.96327e+02	1.61400e+03	2.46885e-02	5.97000e+02
1615	5.96829e+02	1.61500e+03	2.46731e-02	5.97500e+02
1616	5.97346e+02	1.61600e+03	2.46554e-02	5.98000e+02
1617	5.97855e+02	1.61700e+03	2.46440e-02	5.98500e+02
1618	5.98361e+02	1.61800e+03	2.46329e-02	5.99000e+02
1619	5.98863e+02	1.61900e+03	2.46202e-02	5.99500e+02
1620	5.99352e+02	1.62000e+03	2.46091e-02	6.00000e+02
1621	5.99858e+02	1.62100e+03	2.45911e-02	6.00500e+02
1622	6.00349e+02	1.62200e+03	2.45706e-02	6.01000e+02
1623	6.00846e+02	1.62300e+03	2.45493e-02	6.01500e+02
1624	6.01338e+02	1.62400e+03	2.45179e-02	6.02000e+02
1625	6.01834e+02	1.62500e+03	2.44956e-02	6.02500e+02
1626	6.02327e+02	1.62600e+03	2.44781e-02	6.03000e+02
1627	6.02803e+02	1.62700e+03	2.44633e-02	6.03500e+02
1628	6.03296e+02	1.62800e+03	2.44641e-02	6.04000e+02
1629	6.03792e+02	1.62900e+03	2.44656e-02	6.04500e+02
1630	6.04294e+02	1.63000e+03	2.44726e-02	6.05000e+02
1631	6.04795e+02	1.63100e+03	2.44842e-02	6.05500e+02
1632	6.05288e+02	1.63200e+03	2.45168e-02	6.06000e+02
1633	6.05785e+02	1.63300e+03	2.45424e-02	6.06500e+02
1634	6.06284e+02	1.63400e+03	2.45675e-02	6.07000e+02
1635	6.06776e+02	1.63500e+03	2.45936e-02	6.07500e+02
1636	6.07272e+02	1.63600e+03	2.46261e-02	6.08000e+02
1637	6.07774e+02	1.63700e+03	2.46524e-02	6.08500e+02
1638	6.08264e+02	1.63800e+03	2.46751e-02	6.09000e+02
1639	6.08774e+02	1.63900e+03	2.46963e-02	6.09500e+02
1640	6.09261e+02	1.64000e+03	2.47102e-02	6.10000e+02
1641	6.09759e+02	1.64100e+03	2.47239e-02	6.10500e+02
1642	6.10250e+02	1.64200e+03	2.47336e-02	6.11000e+02
1643	6.10747e+02	1.64300e+03	2.47398e-02	6.11500e+02
1644	6.11240e+02	1.64400e+03	2.47323e-02	6.12000e+02
1645	6.11741e+02	1.64500e+03	2.47256e-02	6.12500e+02
1646	6.12230e+02	1.64600e+03	2.47170e-02	6.13000e+02
1647	6.12730e+02	1.64700e+03	2.47066e-02	6.13500e+02
1648	6.13225e+02	1.64800e+03	2.46847e-02	6.14000e+02
1649	6.13712e+02	1.64900e+03	2.46698e-02	6.14500e+02
1650	6.14204e+02	1.65000e+03	2.46563e-02	6.15000e+02
1651	6.14698e+02	1.65100e+03	2.46428e-02	6.15500e+02
1652	6.15207e+02	1.65200e+03	2.46320e-02	6.16000e+02
1653	6.15690e+02	1.65300e+03	2.46214e-02	6.16500e+02
1654	6.16181e+02	1.65400e+03	2.46124e-02	6.17000e+02
1655	6.16665e+02	1.65500e+03	2.46045e-02	6.17500e+02
1656	6.17161e+02	1.65600e+03	2.46004e-02	6.18000e+02
1657	6.17665e+02	1.65700e+03	2.45975e-02	6.18500e+02
1658	6.18158e+02	1.65800e+03	2.45977e-02	6.19000e+02
1659	6.18654e+02	1.65900e+03	2.46001e-02	6.19500e+02
1660	6.19145e+02	1.66000e+03	2.46079e-02	6.20000e+02
1661	6.19643e+02	1.66100e+03	2.46118e-02	6.20500e+02
1662	6.20126e+02	1.66200e+03	2.46134e-02	6.21000e+02
1663	6.20623e+02	1.66300e+03	2.46134e-02	6.21500e+02
1664	6.21114e+02	1.66400e+03	2.46107e-02	6.22000e+02
1665	6.21615e+02	1.66500e+03	2.46068e-02	6.22500e+02
1666	6.22111e+02	1.66600e+03	2.46026e-02	6.23000e+02
1667	6.22610e+02	1.66700e+03	2.45986e-02	6.23500e+02
1668	6.23107e+02	1.66800e+03	2.45923e-02	6.24000e+02
1669	6.23608e+02	1.66900e+03	2.45902e-02	6.24500e+02
1670	6.24111e+02	1.67000e+03	2.45906e-02	6.25000e+02
1671	6.24617e+02	1.67100e+03	2.45927e-02	6.25500e+02
1672	6.25115e+02	1.67200e+03	2.46012e-02	6.26000e+02
1673	6.25611e+02	1.67300e+03	2.46051e-02	6.26500e+02
1674	6.26112e+02	1.67400e+03	2.46072e-02	6.27000e+02
1675	6.26607e+02	1.67500e+03	2.46085e-02	6.27500e+02
1676	6.27111e+02	1.67600e+03	2.46021e-02	6.28000e+02
1677	6.27617e+02	1.67700e+03	2.45914e-02	6.28500e+02
1678	6.28122e+02	1.67800e+03	2.45761e-02	6.29000e+02
1679	6.28627e+02	1.67900e+03	2.45581e-02	6.29500e+02
1680	6.29125e+02	1.68000e+03	2.45259e-02	6.30000e+02
1681	6.29626e+02	1.68100e+03	2.45008e-02	6.30500e+02
1682	6.30128e+02	1.68200e+03	2.44782e-02	6.31000e+02
1683	6.30620e+02	1.68300e+03	2.44568e-02	6.31500e+02
1684	6.31111e+02	1.68400e+03	2.44400e-02	6.32000e+02
1685	6.31598e+02	1.68500e+03	2.44265e-02	6.32500e+02
1686	6.32104e+02	1.68600e+03	2.44174e-02	6.33000e+02
1687	6.32603e+02	1.68700e+03	2.44126e-02	6.33500e+02
1688	6.33093e+02	1.68800e+03	2.44285e-02	6.34000e+02
1689	6.33587e+02	1.68900e+03	2.44431e-02	6.34500e+02
1690	6.34080e+02	1.69000e+03	2.44615e-02	6.35000e+02
1691	6.34579e+02	1.69100e+03	2.44829e-02	6.35500e+02
1692	6.35069e+02	1.69200e+03	2.45225e-02	6.36000e+02
1693	6.35557e+02	1.69300e+03	2.45530e-02	6.36500e+02
1694	6.36048e+02	1.69400e+03	2.45817e-02	6.37000e+02
1695	6.36544e+02	1.69500e+03	2.46102e-02	6.37500e+02
1696	6.37032e+02	1.69600e+03	2.46390e-02	6.38000e+02
1697	6.37526e+02	1.69700e+03	2.46659e-02	6.38500e+02
1698	6.38017e+02	1.69800e+03	2.46895e-02	6.39000e+02
1699	6.38505e+02	1.69900e+03	2.47102e-02	6.39500e+02
1700	6.39001e+02	1.70000e+03	2.47183e-02	6.40000e+02
1701	6.39491e+02	1.70100e+03	2.47244e-02	6.40500e+02
1702	6.39986e+02	1.70200e+03	2.47268e-02	6.41000e+02
1703	6.40482e+02	1.70300e+03	2.47265e-02	6.41500e+02
1704	6.40977e+02	1.70400e+03	2.47084e-02	6.42000e+02
1705	6.41473e+02	1.70500e+03	2.46971e-02	6.42500e+02
1706	6.41972e+02	1.70600e+03	2.46856e-02	6.43000e+02
1707	6.42475e+02	1.70700e+03	2.46729e-02	6.43500e+02
1708	6.42975e+02	1.70800e+03	2.46569e-02	6.44000e+02
1709	6.43469e+02	1.70900e+03	2.46445e-02	6.44500e+02
1710	6.43953e+02	1.71000e+03	2.46343e-02	6.45000e+02
1711	6.44451e+02	1.71100e+03	2.46251e-02	6.45500e+02
1712	6.44958e+02	1.71200e+03	2.46205e-02	6.46000e+02
1713	6.45455e+02	1.71300e+03	2.46150e-02	6.46500e+02
1714	6.45941e+02	1.71400e+03	2.46076e-02	6.47000e+02
1715	6.46445e+02	1.71500e+03	2.45981e-02	6.47500e+02
1716	6.46941e+02	1.71600e+03	2.45819e-02	6.48000e+02
1717	6.47440e+02	1.71700e+03	2.45558e-02	6.48500e+02
1718	6.47937e+02	1.71800e+03	2.45189e-02	6.49000e+02
1719	6.48442e+02	1.71900e+03	2.44751e-02	6.49500e+02
1720	6.48938e+02	1.72000e+03	2.43975e-02	6.50000e+02
1721	6.49442e+02	1.72100e+03	2.43314e-02	6.50500e+02
1722	6.49935e+02	1.72200e+03	2.42703e-02	6.51000e+02
1723	6.50430e+02	1.72300e+03	2.42127e-02	6.51500e+02
1724	6.50939e+02	1.72400e+03	2.41687e-02	6.52000e+02
1725	6.51443e+02	1.72500e+03	2.41456e-02	6.52500e+02
1726	6.51938e+02	1.72600e+03	2.41410e-02	6.53000e+02
1727	6.52437e+02	1.72700e+03	2.41496e-02	6.53500e+02
1728	6.52940e+02	1.72800e+03	2.42368e-02	6.54000e+02
1729	6.53437e+02	1.72900e+03	2.43075e-02	6.54500e+02
1730	6.53942e+02	1.73000e+03	2.43847e-02	6.55000e+02
1731	6.54448e+02	1.73100e+03	2.44686e-02	6.55500e+02
1732	6.54946e+02	1.73200e+03	2.45866e-02	6.56000e+02
1733	6.55436e+02	1.73300e+03	2.46750e-02	6.56500e+02
1734	6.55918e+02	1.73400e+03	2.47491e-02	6.57000e+02
1735	6.56409e+02	1.73500e+03	2.48155e-02	6.57500e+02
1736	6.56905e+02	1.73600e+03	2.48382e-02	6.58000e+02
1737	6.57385e+02	1.73700e+03	2.48591e-02	6.58500e+02
1738	6.57883e+02	1.73800e+03	2.48667e-02	6.59000e+02
1739	6.58385e+02	1.73900e+03	2.48635e-02	6.59500e+02
1740	6.58879e+02	1.74000e+03	2.48011e-02	6.60000e+02
1741	6.59390e+02	1.74100e+03	2.47559e-02	6.60500e+02
1742	6.59877e+02	1.74200e+03	2.47094e-02	6.61000e+02
1743	6.60372e+02	1.74300e+03	2.46595e-02	6.61500e+02
1744	6.60855e+02	1.74400e+03	2.45907e-02	6.62000e+02
1745	6.61359e+02	1.74500e+03	2.45372e-02	6.62500e+02
1746	6.61854e+02	1.74600e+03	2.44889e-02	6.63000e+02
1747	6.62353e+02	1.74700e+03	2.44427e-02	6.63500e+02
1748	6.62855e+02	1.74800e+03	2.44146e-02	6.64000e+02
1749	6.63351e+02	1.74900e+03	2.43864e-02	6.64500e+02
1750	6.63850e+02	1.75000e+03	2.43633e-02	6.65000e+02
1751	6.64352e+02	1.75100e+03	2.43435e-02	6.65500e+02
1752	6.64850e+02	1.75200e+03	2.43445e-02	6.66000e+02
1753	6.65362e+02	1.75300e+03	2.43433e-02	6.66500e+02
1754	6.65868e+02	1.75400e+03	2.43475e-02	6.67000e+02
1755	6.66363e+02	1.75500e+03	2.43565e-02	6.67500e+02
1756	6.66853e+02	1.75600e+03	2.43852e-02	6.68000e+02
1757	6.67373e+02	1.75700e+03	2.44087e-02	6.68500e+02
1758	6.67882e+02	1.75800e+03	2.44329e-02	6.69000e+02
1759	6.68393e+02	1.75900e+03	2.44579e-02	6.69500e+02
1760	6.68911e+02	1.76000e+03	2.44829e-02	6.70000e+02
1761	6.69411e+02	1.76100e+03	2.44976e-02	6.70500e+02
1762	6.69930e+02	1.76200e+03	2.45064e-02	6.71000e+02
1763	6.70435e+02	1.76300e+03	2.45122e-02	6.71500e+02
1764	6.70932e+02	1.76400e+03	2.44974e-02	6.72000e+02
1765	6.71432e+02	1.76500e+03	2.44901e-02	6.72500e+02
1766	6.71933e+02	1.76600e+03	2.44837e-02	6.73000e+02
1767	6.72435e+02	1.76700e+03	2.44778e-02	6.73500e+02
1768	6.72929e+02	1.76800e+03	2.44732e-02	6.74000e+02
1769	6.73431e+02	1.76900e+03	2.44721e-02	6.74500e+02
1770	6.73932e+02	1.77000e+03	2.44709e-02	6.75000e+02
1771	6.74438e+02	1.77100e+03	2.44690e-02	6.75500e+02
1772	6.74930e+02	1.77200e+03	2.44718e-02	6.76000e+02
1773	6.75432e+02	1.77300e+03	2.44676e-02	6.76500e+02
1774	6.75924e+02	1.77400e+03	2.44607e-02	6.77000e+02
1775	6.76431e+02	1.77500e+03	2.44533e-02	6.77500e+02
1776	6.76936e+02	1.77600e+03	2.44387e-02	6.78000e+02
1777	6.77451e+02	1.77700e+03	2.44306e-02	6.78500e+02
1778	6.77961e+02	1.77800e+03	2.44252e-02	6.79000e+02
1779	6.78455e+02	1.77900e+03	2.44208e-02	6.79500e+02
1780	6.78940e+02	1.78000e+03	2.44205e-02	6.80000e+02
1781	6.79444e+02	1.78100e+03	2.44140e-02	6.80500e+02
1782	6.79948e+02	1.78200e+03	2.44004e-02	6.81000e+02
1783	6.80467e+02	1.78300e+03	2.43821e-02	6.81500e+02
1784	6.80993e+02	1.78400e+03	2.43462e-02	6.82000e+02
1785	6.81506e+02	1.78500e+03	2.43064e-02	6.82500e+02
1786	6.82007e+02	1.78600e+03	2.42614e-02	6.83000e+02
1787	6.82511e+02	1.78700e+03	2.42135e-02	6.83500e+02
1788	6.83035e+02	1.78800e+03	2.41484e-02	6.84000e+02
1789	6.83545e+02	1.78900e+03	2.41056e-02	6.84500e+02
1790	6.84047e+02	1.79000e+03	2.40796e-02	6.85000e+02
1791	6.84546e+02	1.79100e+03	2.40651e-02	6.85500e+02
1792	6.85049e+02	1.79200e+03	2.41148e-02	6.86000e+02
1793	6.85545e+02	1.79300e+03	2.41712e-02	6.86500e+02
1794	6.86049e+02	1.79400e+03	2.42438e-02	6.87000e+02
1795	6.86268e+02	1.79500e+03	2.43272e-02	6.87500e+02
1796	6.86466e+02	1.79600e+03	2.44772e-02	6.88000e+02
1797	6.86785e+02	1.79700e+03	2.45848e-02	6.88500e+02
1798	6.87141e+02	1.79800e+03	2.46765e-02	6.89000e+02
1799	6.87502e+02	1.79900e+03	2.47584e-02	6.89500e+02
1800	6.87875e+02	1.80000e+03	2.47939e-02	6.90000e+02
1801	6.88260e+02	1.80100e+03	2.48191e-02	6.90500e+02
1802	6.88611e+02	1.80200e+03	2.48232e-02	6.91000e+02
1803	6.88949e+02	1.80300e+03	2.48120e-02	6.91500e+02
1804	6.89292e+02	1.80400e+03	2.47290e-02	6.92000e+02
1805	6.89615e+02	1.80500e+03	2.46737e-02	6.92500e+02
1806	6.89898e+02	1.80600e+03	2.46214e-02	6.93000e+02
1807	6.90189e+02	1.80700e+03	2.45684e-02	6.93500e+02
1808	6.90474e+02	1.80800e+03	2.45049e-02	6.94000e+02
1809	6.90758e+02	1.80900e+03	2.44571e-02	6.94500e+02
1810	6.91014e+02	1.81000e+03	2.44168e-02	6.95000e+02
1811	6.91270e+02	1.81100e+03	2.43802e-02	6.95500e+02
1812	6.91530e+02	1.81200e+03	2.43687e-02	6.96000e+02
1813	6.91766e+02	1.81300e+03	2.43508e-02	6.96500e+02
1814	6.92016e+02	1.81400e+03	2.43366e-02	6.97000e+02
1815	6.92248e+02	1.81500e+03	2.43265e-02	6.97500e+02
1816	6.92472e+02	1.81600e+03	2.43350e-02	6.98000e+02
1817	6.92698e+02	1.81700e+03	2.43432e-02	6.98500e+02
1818	6.92907e+02	1.81800e+03	2.43577e-02	6.99000e+02
1819	6.93127e+02	1.81900e+03	2.43770e-02	6.99500e+02
1820	6.93309e+02	1.82000e+03	2.44113e-02	7.00000e+02
