index	ts	t	weight	tr
[#]	[°C]	[s]	[mg]	[°C]
683	1.31157e+02	6.83000e+02	9.90637e-01	1.31500e+02
684	1.31662e+02	6.84000e+02	9.90614e-01	1.32000e+02
685	1.32158e+02	6.85000e+02	9.90598e-01	1.32500e+02
686	1.32662e+02	6.86000e+02	9.90584e-01	1.33000e+02
687	1.33156e+02	6.87000e+02	9.90572e-01	1.33500e+02
688	1.33660e+02	6.88000e+02	9.90570e-01	1.34000e+02
689	1.34159e+02	6.89000e+02	9.90563e-01	1.34500e+02
690	1.34666e+02	6.90000e+02	9.90552e-01	1.35000e+02
691	1.35159e+02	6.91000e+02	9.90539e-01	1.35500e+02
692	1.35660e+02	6.92000e+02	9.90519e-01	1.36000e+02
693	1.36167e+02	6.93000e+02	9.90494e-01	1.36500e+02
694	1.36675e+02	6.94000e+02	9.90464e-01	1.37000e+02
695	1.37179e+02	6.95000e+02	9.90431e-01	1.37500e+02
696	1.37672e+02	6.96000e+02	9.90378e-01	1.38000e+02
697	1.38181e+02	6.97000e+02	9.90331e-01	1.38500e+02
698	1.38674e+02	6.98000e+02	9.90283e-01	1.39000e+02
699	1.39174e+02	6.99000e+02	9.90234e-01	1.39500e+02
700	1.39682e+02	7.00000e+02	9.90181e-01	1.40000e+02
701	1.40188e+02	7.01000e+02	9.90135e-01	1.40500e+02
702	1.40685e+02	7.02000e+02	9.90096e-01	1.41000e+02
703	1.41190e+02	7.03000e+02	9.90060e-01	1.41500e+02
704	1.41688e+02	7.04000e+02	9.90041e-01	1.42000e+02
705	1.42182e+02	7.05000e+02	9.90021e-01	1.42500e+02
706	1.42696e+02	7.06000e+02	9.90002e-01	1.43000e+02
707	1.43185e+02	7.07000e+02	9.89984e-01	1.43500e+02
708	1.43699e+02	7.08000e+02	9.89975e-01	1.44000e+02
709	1.44212e+02	7.09000e+02	9.89955e-01	1.44500e+02
710	1.44702e+02	7.10000e+02	9.89931e-01	1.45000e+02
711	1.45209e+02	7.11000e+02	9.89905e-01	1.45500e+02
712	1.45708e+02	7.12000e+02	9.89865e-01	1.46000e+02
713	1.46199e+02	7.13000e+02	9.89828e-01	1.46500e+02
714	1.46718e+02	7.14000e+02	9.89789e-01	1.47000e+02
715	1.47211e+02	7.15000e+02	9.89748e-01	1.47500e+02
716	1.47704e+02	7.16000e+02	9.89694e-01	1.48000e+02
717	1.48222e+02	7.17000e+02	9.89637e-01	1.48500e+02
718	1.48719e+02	7.18000e+02	9.89575e-01	1.49000e+02
719	1.49218e+02	7.19000e+02	9.89509e-01	1.49500e+02
720	1.49731e+02	7.20000e+02	9.89428e-01	1.50000e+02
721	1.50225e+02	7.21000e+02	9.89357e-01	1.50500e+02
722	1.50725e+02	7.22000e+02	9.89291e-01	1.51000e+02
723	1.51226e+02	7.23000e+02	9.89228e-01	1.51500e+02
724	1.51741e+02	7.24000e+02	9.89172e-01	1.52000e+02
725	1.52252e+02	7.25000e+02	9.89115e-01	1.52500e+02
726	1.52750e+02	7.26000e+02	9.89057e-01	1.53000e+02
727	1.53235e+02	7.27000e+02	9.88999e-01	1.53500e+02
728	1.53733e+02	7.28000e+02	9.88942e-01	1.54000e+02
729	1.54243e+02	7.29000e+02	9.88878e-01	1.54500e+02
730	1.54747e+02	7.30000e+02	9.88808e-01	1.55000e+02
731	1.55267e+02	7.31000e+02	9.88735e-01	1.55500e+02
732	1.55754e+02	7.32000e+02	9.88639e-01	1.56000e+02
733	1.56256e+02	7.33000e+02	9.88546e-01	1.56500e+02
734	1.56764e+02	7.34000e+02	9.88450e-01	1.57000e+02
735	1.57267e+02	7.35000e+02	9.88351e-01	1.57500e+02
736	1.57769e+02	7.36000e+02	9.88239e-01	1.58000e+02
737	1.58262e+02	7.37000e+02	9.88138e-01	1.58500e+02
738	1.58778e+02	7.38000e+02	9.88043e-01	1.59000e+02
739	1.59272e+02	7.39000e+02	9.87950e-01	1.59500e+02
740	1.59781e+02	7.40000e+02	9.87870e-01	1.60000e+02
741	1.60277e+02	7.41000e+02	9.87789e-01	1.60500e+02
742	1.60799e+02	7.42000e+02	9.87712e-01	1.61000e+02
743	1.61297e+02	7.43000e+02	9.87637e-01	1.61500e+02
744	1.61799e+02	7.44000e+02	9.87581e-01	1.62000e+02
745	1.62304e+02	7.45000e+02	9.87522e-01	1.62500e+02
746	1.62814e+02	7.46000e+02	9.87466e-01	1.63000e+02
747	1.63307e+02	7.47000e+02	9.87411e-01	1.63500e+02
748	1.63809e+02	7.48000e+02	9.87361e-01	1.64000e+02
749	1.64325e+02	7.49000e+02	9.87299e-01	1.64500e+02
750	1.64829e+02	7.50000e+02	9.87227e-01	1.65000e+02
751	1.65329e+02	7.51000e+02	9.87149e-01	1.65500e+02
752	1.65818e+02	7.52000e+02	9.87040e-01	1.66000e+02
753	1.66341e+02	7.53000e+02	9.86932e-01	1.66500e+02
754	1.66832e+02	7.54000e+02	9.86817e-01	1.67000e+02
755	1.67345e+02	7.55000e+02	9.86699e-01	1.67500e+02
756	1.67846e+02	7.56000e+02	9.86547e-01	1.68000e+02
757	1.68357e+02	7.57000e+02	9.86408e-01	1.68500e+02
758	1.68864e+02	7.58000e+02	9.86271e-01	1.69000e+02
759	1.69369e+02	7.59000e+02	9.86131e-01	1.69500e+02
760	1.69871e+02	7.60000e+02	9.85985e-01	1.70000e+02
761	1.70359e+02	7.61000e+02	9.85841e-01	1.70500e+02
762	1.70868e+02	7.62000e+02	9.85698e-01	1.71000e+02
763	1.71383e+02	7.63000e+02	9.85556e-01	1.71500e+02
764	1.71893e+02	7.64000e+02	9.85415e-01	1.72000e+02
765	1.72388e+02	7.65000e+02	9.85277e-01	1.72500e+02
766	1.72902e+02	7.66000e+02	9.85140e-01	1.73000e+02
767	1.73402e+02	7.67000e+02	9.85004e-01	1.73500e+02
768	1.73901e+02	7.68000e+02	9.84867e-01	1.74000e+02
769	1.74405e+02	7.69000e+02	9.84724e-01	1.74500e+02
770	1.74919e+02	7.70000e+02	9.84577e-01	1.75000e+02
771	1.75414e+02	7.71000e+02	9.84426e-01	1.75500e+02
772	1.75917e+02	7.72000e+02	9.84256e-01	1.76000e+02
773	1.76431e+02	7.73000e+02	9.84087e-01	1.76500e+02
774	1.76939e+02	7.74000e+02	9.83916e-01	1.77000e+02
775	1.77442e+02	7.75000e+02	9.83744e-01	1.77500e+02
776	1.77945e+02	7.76000e+02	9.83553e-01	1.78000e+02
777	1.78456e+02	7.77000e+02	9.83364e-01	1.78500e+02
778	1.78959e+02	7.78000e+02	9.83172e-01	1.79000e+02
779	1.79456e+02	7.79000e+02	9.82975e-01	1.79500e+02
780	1.79980e+02	7.80000e+02	9.82756e-01	1.80000e+02
781	1.80479e+02	7.81000e+02	9.82534e-01	1.80500e+02
782	1.80981e+02	7.82000e+02	9.82304e-01	1.81000e+02
783	1.81494e+02	7.83000e+02	9.82066e-01	1.81500e+02
784	1.82002e+02	7.84000e+02	9.81793e-01	1.82000e+02
785	1.82513e+02	7.85000e+02	9.81526e-01	1.82500e+02
786	1.83013e+02	7.86000e+02	9.81251e-01	1.83000e+02
787	1.83529e+02	7.87000e+02	9.80969e-01	1.83500e+02
788	1.84031e+02	7.88000e+02	9.80648e-01	1.84000e+02
789	1.84543e+02	7.89000e+02	9.80328e-01	1.84500e+02
790	1.85039e+02	7.90000e+02	9.79995e-01	1.85000e+02
791	1.85559e+02	7.91000e+02	9.79652e-01	1.85500e+02
792	1.86058e+02	7.92000e+02	9.79254e-01	1.86000e+02
793	1.86563e+02	7.93000e+02	9.78863e-01	1.86500e+02
794	1.87074e+02	7.94000e+02	9.78461e-01	1.87000e+02
795	1.87587e+02	7.95000e+02	9.78051e-01	1.87500e+02
796	1.88071e+02	7.96000e+02	9.77596e-01	1.88000e+02
797	1.88593e+02	7.97000e+02	9.77157e-01	1.88500e+02
798	1.89097e+02	7.98000e+02	9.76717e-01	1.89000e+02
799	1.89602e+02	7.99000e+02	9.76272e-01	1.89500e+02
800	1.90113e+02	8.00000e+02	9.75813e-01	1.90000e+02
801	1.90611e+02	8.01000e+02	9.75359e-01	1.90500e+02
802	1.91120e+02	8.02000e+02	9.74902e-01	1.91000e+02
803	1.91636e+02	8.03000e+02	9.74443e-01	1.91500e+02
804	1.92144e+02	8.04000e+02	9.73975e-01	1.92000e+02
805	1.92654e+02	8.05000e+02	9.73508e-01	1.92500e+02
806	1.93164e+02	8.06000e+02	9.73037e-01	1.93000e+02
807	1.93673e+02	8.07000e+02	9.72564e-01	1.93500e+02
808	1.94179e+02	8.08000e+02	9.72078e-01	1.94000e+02
809	1.94683e+02	8.09000e+02	9.71595e-01	1.94500e+02
810	1.95192e+02	8.10000e+02	9.71110e-01	1.95000e+02
811	1.95692e+02	8.11000e+02	9.70623e-01	1.95500e+02
812	1.96216e+02	8.12000e+02	9.70128e-01	1.96000e+02
813	1.96729e+02	8.13000e+02	9.69640e-01	1.96500e+02
814	1.97233e+02	8.14000e+02	9.69154e-01	1.97000e+02
815	1.97732e+02	8.15000e+02	9.68670e-01	1.97500e+02
816	1.98236e+02	8.16000e+02	9.68195e-01	1.98000e+02
817	1.98745e+02	8.17000e+02	9.67722e-01	1.98500e+02
818	1.99272e+02	8.18000e+02	9.67250e-01	1.99000e+02
819	1.99780e+02	8.19000e+02	9.66780e-01	1.99500e+02
820	2.00293e+02	8.20000e+02	9.66321e-01	2.00000e+02
821	2.00790e+02	8.21000e+02	9.65857e-01	2.00500e+02
822	2.01302e+02	8.22000e+02	9.65396e-01	2.01000e+02
823	2.01808e+02	8.23000e+02	9.64939e-01	2.01500e+02
824	2.02318e+02	8.24000e+02	9.64492e-01	2.02000e+02
825	2.02828e+02	8.25000e+02	9.64052e-01	2.02500e+02
826	2.03333e+02	8.26000e+02	9.63622e-01	2.03000e+02
827	2.03841e+02	8.27000e+02	9.63198e-01	2.03500e+02
828	2.04350e+02	8.28000e+02	9.62813e-01	2.04000e+02
829	2.04860e+02	8.29000e+02	9.62425e-01	2.04500e+02
830	2.05373e+02	8.30000e+02	9.62046e-01	2.05000e+02
831	2.05884e+02	8.31000e+02	9.61676e-01	2.05500e+02
832	2.06380e+02	8.32000e+02	9.61350e-01	2.06000e+02
833	2.06896e+02	8.33000e+02	9.61015e-01	2.06500e+02
834	2.07417e+02	8.34000e+02	9.60689e-01	2.07000e+02
835	2.07913e+02	8.35000e+02	9.60374e-01	2.07500e+02
836	2.08425e+02	8.36000e+02	9.60093e-01	2.08000e+02
837	2.08935e+02	8.37000e+02	9.59804e-01	2.08500e+02
838	2.09446e+02	8.38000e+02	9.59522e-01	2.09000e+02
839	2.09953e+02	8.39000e+02	9.59246e-01	2.09500e+02
840	2.10462e+02	8.40000e+02	9.58999e-01	2.10000e+02
841	2.10967e+02	8.41000e+02	9.58746e-01	2.10500e+02
842	2.11482e+02	8.42000e+02	9.58497e-01	2.11000e+02
843	2.11990e+02	8.43000e+02	9.58252e-01	2.11500e+02
844	2.12502e+02	8.44000e+02	9.58036e-01	2.12000e+02
845	2.13017e+02	8.45000e+02	9.57820e-01	2.12500e+02
846	2.13526e+02	8.46000e+02	9.57612e-01	2.13000e+02
847	2.14037e+02	8.47000e+02	9.57413e-01	2.13500e+02
848	2.14544e+02	8.48000e+02	9.57258e-01	2.14000e+02
849	2.15050e+02	8.49000e+02	9.57101e-01	2.14500e+02
850	2.15568e+02	8.50000e+02	9.56952e-01	2.15000e+02
851	2.16069e+02	8.51000e+02	9.56811e-01	2.15500e+02
852	2.16582e+02	8.52000e+02	9.56706e-01	2.16000e+02
853	2.17092e+02	8.53000e+02	9.56585e-01	2.16500e+02
854	2.17602e+02	8.54000e+02	9.56462e-01	2.17000e+02
855	2.18100e+02	8.55000e+02	9.56341e-01	2.17500e+02
856	2.18615e+02	8.56000e+02	9.56229e-01	2.18000e+02
857	2.19126e+02	8.57000e+02	9.56117e-01	2.18500e+02
858	2.19631e+02	8.58000e+02	9.56004e-01	2.19000e+02
859	2.20140e+02	8.59000e+02	9.55892e-01	2.19500e+02
860	2.20652e+02	8.60000e+02	9.55785e-01	2.20000e+02
861	2.21164e+02	8.61000e+02	9.55676e-01	2.20500e+02
862	2.21672e+02	8.62000e+02	9.55569e-01	2.21000e+02
863	2.22184e+02	8.63000e+02	9.55463e-01	2.21500e+02
864	2.22688e+02	8.64000e+02	9.55364e-01	2.22000e+02
865	2.23195e+02	8.65000e+02	9.55269e-01	2.22500e+02
866	2.23699e+02	8.66000e+02	9.55177e-01	2.23000e+02
867	2.24209e+02	8.67000e+02	9.55087e-01	2.23500e+02
868	2.24726e+02	8.68000e+02	9.55012e-01	2.24000e+02
869	2.25229e+02	8.69000e+02	9.54929e-01	2.24500e+02
870	2.25737e+02	8.70000e+02	9.54842e-01	2.25000e+02
871	2.26248e+02	8.71000e+02	9.54752e-01	2.25500e+02
872	2.26765e+02	8.72000e+02	9.54647e-01	2.26000e+02
873	2.27269e+02	8.73000e+02	9.54538e-01	2.26500e+02
874	2.27778e+02	8.74000e+02	9.54424e-01	2.27000e+02
875	2.28276e+02	8.75000e+02	9.54309e-01	2.27500e+02
876	2.28796e+02	8.76000e+02	9.54174e-01	2.28000e+02
877	2.29299e+02	8.77000e+02	9.54052e-01	2.28500e+02
878	2.29811e+02	8.78000e+02	9.53932e-01	2.29000e+02
879	2.30310e+02	8.79000e+02	9.53811e-01	2.29500e+02
880	2.30822e+02	8.80000e+02	9.53692e-01	2.30000e+02
881	2.31333e+02	8.81000e+02	9.53567e-01	2.30500e+02
882	2.31838e+02	8.82000e+02	9.53437e-01	2.31000e+02
883	2.32353e+02	8.83000e+02	9.53306e-01	2.31500e+02
884	2.32857e+02	8.84000e+02	9.53163e-01	2.32000e+02
885	2.33372e+02	8.85000e+02	9.53023e-01	2.32500e+02
886	2.33868e+02	8.86000e+02	9.52883e-01	2.33000e+02
887	2.34379e+02	8.87000e+02	9.52743e-01	2.33500e+02
888	2.34891e+02	8.88000e+02	9.52603e-01	2.34000e+02
889	2.35409e+02	8.89000e+02	9.52469e-01	2.34500e+02
890	2.35911e+02	8.90000e+02	9.52341e-01	2.35000e+02
891	2.36413e+02	8.91000e+02	9.52218e-01	2.35500e+02
892	2.36927e+02	8.92000e+02	9.52105e-01	2.36000e+02
893	2.37423e+02	8.93000e+02	9.51986e-01	2.36500e+02
894	2.37944e+02	8.94000e+02	9.51865e-01	2.37000e+02
895	2.38453e+02	8.95000e+02	9.51745e-01	2.37500e+02
896	2.38967e+02	8.96000e+02	9.51625e-01	2.38000e+02
897	2.39462e+02	8.97000e+02	9.51503e-01	2.38500e+02
898	2.39978e+02	8.98000e+02	9.51380e-01	2.39000e+02
899	2.40479e+02	8.99000e+02	9.51258e-01	2.39500e+02
900	2.40994e+02	9.00000e+02	9.51132e-01	2.40000e+02
901	2.41501e+02	9.01000e+02	9.51008e-01	2.40500e+02
902	2.42011e+02	9.02000e+02	9.50886e-01	2.41000e+02
903	2.42513e+02	9.03000e+02	9.50764e-01	2.41500e+02
904	2.43032e+02	9.04000e+02	9.50646e-01	2.42000e+02
905	2.43543e+02	9.05000e+02	9.50529e-01	2.42500e+02
906	2.44045e+02	9.06000e+02	9.50410e-01	2.43000e+02
907	2.44559e+02	9.07000e+02	9.50291e-01	2.43500e+02
908	2.45061e+02	9.08000e+02	9.50171e-01	2.44000e+02
909	2.45573e+02	9.09000e+02	9.50048e-01	2.44500e+02
910	2.46078e+02	9.10000e+02	9.49923e-01	2.45000e+02
911	2.46590e+02	9.11000e+02	9.49797e-01	2.45500e+02
912	2.47095e+02	9.12000e+02	9.49661e-01	2.46000e+02
913	2.47597e+02	9.13000e+02	9.49529e-01	2.46500e+02
914	2.48109e+02	9.14000e+02	9.49398e-01	2.47000e+02
915	2.48613e+02	9.15000e+02	9.49267e-01	2.47500e+02
916	2.49136e+02	9.16000e+02	9.49141e-01	2.48000e+02
917	2.49640e+02	9.17000e+02	9.49020e-01	2.48500e+02
918	2.50153e+02	9.18000e+02	9.48907e-01	2.49000e+02
919	2.50658e+02	9.19000e+02	9.48798e-01	2.49500e+02
920	2.51159e+02	9.20000e+02	9.48711e-01	2.50000e+02
921	2.51673e+02	9.21000e+02	9.48621e-01	2.50500e+02
922	2.52180e+02	9.22000e+02	9.48533e-01	2.51000e+02
923	2.52701e+02	9.23000e+02	9.48446e-01	2.51500e+02
924	2.53209e+02	9.24000e+02	9.48374e-01	2.52000e+02
925	2.53715e+02	9.25000e+02	9.48294e-01	2.52500e+02
926	2.54223e+02	9.26000e+02	9.48213e-01	2.53000e+02
927	2.54725e+02	9.27000e+02	9.48133e-01	2.53500e+02
928	2.55234e+02	9.28000e+02	9.48049e-01	2.54000e+02
929	2.55748e+02	9.29000e+02	9.47968e-01	2.54500e+02
930	2.56254e+02	9.30000e+02	9.47886e-01	2.55000e+02
931	2.56758e+02	9.31000e+02	9.47804e-01	2.55500e+02
932	2.57277e+02	9.32000e+02	9.47722e-01	2.56000e+02
933	2.57777e+02	9.33000e+02	9.47638e-01	2.56500e+02
934	2.58285e+02	9.34000e+02	9.47553e-01	2.57000e+02
935	2.58796e+02	9.35000e+02	9.47467e-01	2.57500e+02
936	2.59309e+02	9.36000e+02	9.47375e-01	2.58000e+02
937	2.59804e+02	9.37000e+02	9.47284e-01	2.58500e+02
938	2.60317e+02	9.38000e+02	9.47192e-01	2.59000e+02
939	2.60827e+02	9.39000e+02	9.47099e-01	2.59500e+02
940	2.61336e+02	9.40000e+02	9.47006e-01	2.60000e+02
941	2.61839e+02	9.41000e+02	9.46916e-01	2.60500e+02
942	2.62354e+02	9.42000e+02	9.46829e-01	2.61000e+02
943	2.62858e+02	9.43000e+02	9.46744e-01	2.61500e+02
944	2.63358e+02	9.44000e+02	9.46670e-01	2.62000e+02
945	2.63878e+02	9.45000e+02	9.46596e-01	2.62500e+02
946	2.64389e+02	9.46000e+02	9.46526e-01	2.63000e+02
947	2.64897e+02	9.47000e+02	9.46458e-01	2.63500e+02
948	2.65415e+02	9.48000e+02	9.46407e-01	2.64000e+02
949	2.65912e+02	9.49000e+02	9.46354e-01	2.64500e+02
950	2.66417e+02	9.50000e+02	9.46303e-01	2.65000e+02
951	2.66937e+02	9.51000e+02	9.46252e-01	2.65500e+02
952	2.67444e+02	9.52000e+02	9.46208e-01	2.66000e+02
953	2.67974e+02	9.53000e+02	9.46156e-01	2.66500e+02
954	2.68477e+02	9.54000e+02	9.46097e-01	2.67000e+02
955	2.68994e+02	9.55000e+02	9.46034e-01	2.67500e+02
956	2.69503e+02	9.56000e+02	9.45956e-01	2.68000e+02
957	2.70014e+02	9.57000e+02	9.45881e-01	2.68500e+02
958	2.70532e+02	9.58000e+02	9.45805e-01	2.69000e+02
959	2.71036e+02	9.59000e+02	9.45729e-01	2.69500e+02
960	2.71547e+02	9.60000e+02	9.45644e-01	2.70000e+02
961	2.72071e+02	9.61000e+02	9.45565e-01	2.70500e+02
962	2.72593e+02	9.62000e+02	9.45485e-01	2.71000e+02
963	2.73097e+02	9.63000e+02	9.45404e-01	2.71500e+02
964	2.73606e+02	9.64000e+02	9.45318e-01	2.72000e+02
965	2.74111e+02	9.65000e+02	9.45227e-01	2.72500e+02
966	2.74616e+02	9.66000e+02	9.45128e-01	2.73000e+02
967	2.75139e+02	9.67000e+02	9.45023e-01	2.73500e+02
968	2.75642e+02	9.68000e+02	9.44896e-01	2.74000e+02
969	2.76147e+02	9.69000e+02	9.44773e-01	2.74500e+02
970	2.76654e+02	9.70000e+02	9.44646e-01	2.75000e+02
971	2.77164e+02	9.71000e+02	9.44517e-01	2.75500e+02
972	2.77671e+02	9.72000e+02	9.44369e-01	2.76000e+02
973	2.78180e+02	9.73000e+02	9.44228e-01	2.76500e+02
974	2.78686e+02	9.74000e+02	9.44087e-01	2.77000e+02
975	2.79180e+02	9.75000e+02	9.43944e-01	2.77500e+02
976	2.79689e+02	9.76000e+02	9.43795e-01	2.78000e+02
977	2.80197e+02	9.77000e+02	9.43647e-01	2.78500e+02
978	2.80716e+02	9.78000e+02	9.43498e-01	2.79000e+02
979	2.81217e+02	9.79000e+02	9.43347e-01	2.79500e+02
980	2.81742e+02	9.80000e+02	9.43191e-01	2.80000e+02
981	2.82250e+02	9.81000e+02	9.43038e-01	2.80500e+02
982	2.82746e+02	9.82000e+02	9.42887e-01	2.81000e+02
983	2.83257e+02	9.83000e+02	9.42738e-01	2.81500e+02
984	2.83759e+02	9.84000e+02	9.42593e-01	2.82000e+02
985	2.84267e+02	9.85000e+02	9.42450e-01	2.82500e+02
986	2.84775e+02	9.86000e+02	9.42309e-01	2.83000e+02
987	2.85286e+02	9.87000e+02	9.42170e-01	2.83500e+02
988	2.85784e+02	9.88000e+02	9.42037e-01	2.84000e+02
989	2.86293e+02	9.89000e+02	9.41896e-01	2.84500e+02
990	2.86792e+02	9.90000e+02	9.41751e-01	2.85000e+02
991	2.87318e+02	9.91000e+02	9.41603e-01	2.85500e+02
992	2.87815e+02	9.92000e+02	9.41435e-01	2.86000e+02
993	2.88335e+02	9.93000e+02	9.41261e-01	2.86500e+02
994	2.88836e+02	9.94000e+02	9.41079e-01	2.87000e+02
995	2.89322e+02	9.95000e+02	9.40889e-01	2.87500e+02
996	2.89825e+02	9.96000e+02	9.40661e-01	2.88000e+02
997	2.90324e+02	9.97000e+02	9.40436e-01	2.88500e+02
998	2.90839e+02	9.98000e+02	9.40203e-01	2.89000e+02
999	2.91340e+02	9.99000e+02	9.39962e-01	2.89500e+02
1000	2.91854e+02	1.00000e+03	9.39679e-01	2.90000e+02
1001	2.92347e+02	1.00100e+03	9.39398e-01	2.90500e+02
1002	2.92859e+02	1.00200e+03	9.39107e-01	2.91000e+02
1003	2.93363e+02	1.00300e+03	9.38806e-01	2.91500e+02
1004	2.93878e+02	1.00400e+03	9.38453e-01	2.92000e+02
1005	2.94388e+02	1.00500e+03	9.38108e-01	2.92500e+02
1006	2.94890e+02	1.00600e+03	9.37756e-01	2.93000e+02
1007	2.95402e+02	1.00700e+03	9.37396e-01	2.93500e+02
1008	2.95910e+02	1.00800e+03	9.36996e-01	2.94000e+02
1009	2.96426e+02	1.00900e+03	9.36610e-01	2.94500e+02
1010	2.96923e+02	1.01000e+03	9.36223e-01	2.95000e+02
1011	2.97423e+02	1.01100e+03	9.35833e-01	2.95500e+02
1012	2.97933e+02	1.01200e+03	9.35429e-01	2.96000e+02
1013	2.98430e+02	1.01300e+03	9.35027e-01	2.96500e+02
1014	2.98941e+02	1.01400e+03	9.34620e-01	2.97000e+02
1015	2.99437e+02	1.01500e+03	9.34209e-01	2.97500e+02
1016	2.99935e+02	1.01600e+03	9.33776e-01	2.98000e+02
1017	3.00437e+02	1.01700e+03	9.33339e-01	2.98500e+02
1018	3.00948e+02	1.01800e+03	9.32892e-01	2.99000e+02
1019	3.01453e+02	1.01900e+03	9.32437e-01	2.99500e+02
1020	3.01949e+02	1.02000e+03	9.31943e-01	3.00000e+02
1021	3.02460e+02	1.02100e+03	9.31455e-01	3.00500e+02
1022	3.02967e+02	1.02200e+03	9.30959e-01	3.01000e+02
1023	3.03462e+02	1.02300e+03	9.30456e-01	3.01500e+02
1024	3.03978e+02	1.02400e+03	9.29919e-01	3.02000e+02
1025	3.04477e+02	1.02500e+03	9.29389e-01	3.02500e+02
1026	3.04975e+02	1.02600e+03	9.28853e-01	3.03000e+02
1027	3.05487e+02	1.02700e+03	9.28313e-01	3.03500e+02
1028	3.06001e+02	1.02800e+03	9.27744e-01	3.04000e+02
1029	3.06499e+02	1.02900e+03	9.27179e-01	3.04500e+02
1030	3.07009e+02	1.03000e+03	9.26607e-01	3.05000e+02
1031	3.07522e+02	1.03100e+03	9.26029e-01	3.05500e+02
1032	3.08026e+02	1.03200e+03	9.25420e-01	3.06000e+02
1033	3.08533e+02	1.03300e+03	9.24815e-01	3.06500e+02
1034	3.09038e+02	1.03400e+03	9.24204e-01	3.07000e+02
1035	3.09548e+02	1.03500e+03	9.23588e-01	3.07500e+02
1036	3.10058e+02	1.03600e+03	9.22942e-01	3.08000e+02
1037	3.10564e+02	1.03700e+03	9.22303e-01	3.08500e+02
1038	3.11071e+02	1.03800e+03	9.21657e-01	3.09000e+02
1039	3.11576e+02	1.03900e+03	9.21005e-01	3.09500e+02
1040	3.12079e+02	1.04000e+03	9.20323e-01	3.10000e+02
1041	3.12578e+02	1.04100e+03	9.19639e-01	3.10500e+02
1042	3.13094e+02	1.04200e+03	9.18946e-01	3.11000e+02
1043	3.13589e+02	1.04300e+03	9.18245e-01	3.11500e+02
1044	3.14107e+02	1.04400e+03	9.17504e-01	3.12000e+02
1045	3.14606e+02	1.04500e+03	9.16775e-01	3.12500e+02
1046	3.15107e+02	1.04600e+03	9.16043e-01	3.13000e+02
1047	3.15613e+02	1.04700e+03	9.15308e-01	3.13500e+02
1048	3.16120e+02	1.04800e+03	9.14555e-01	3.14000e+02
1049	3.16623e+02	1.04900e+03	9.13812e-01	3.14500e+02
1050	3.17125e+02	1.05000e+03	9.13072e-01	3.15000e+02
1051	3.17628e+02	1.05100e+03	9.12332e-01	3.15500e+02
1052	3.18126e+02	1.05200e+03	9.11598e-01	3.16000e+02
1053	3.18634e+02	1.05300e+03	9.10865e-01	3.16500e+02
1054	3.19123e+02	1.05400e+03	9.10132e-01	3.17000e+02
1055	3.19639e+02	1.05500e+03	9.09400e-01	3.17500e+02
1056	3.20145e+02	1.05600e+03	9.08674e-01	3.18000e+02
1057	3.20639e+02	1.05700e+03	9.07942e-01	3.18500e+02
1058	3.21136e+02	1.05800e+03	9.07210e-01	3.19000e+02
1059	3.21650e+02	1.05900e+03	9.06476e-01	3.19500e+02
1060	3.22146e+02	1.06000e+03	9.05737e-01	3.20000e+02
1061	3.22657e+02	1.06100e+03	9.04999e-01	3.20500e+02
1062	3.23152e+02	1.06200e+03	9.04261e-01	3.21000e+02
1063	3.23642e+02	1.06300e+03	9.03520e-01	3.21500e+02
1064	3.24146e+02	1.06400e+03	9.02776e-01	3.22000e+02
1065	3.24648e+02	1.06500e+03	9.02032e-01	3.22500e+02
1066	3.25152e+02	1.06600e+03	9.01285e-01	3.23000e+02
1067	3.25643e+02	1.06700e+03	9.00537e-01	3.23500e+02
1068	3.26150e+02	1.06800e+03	8.99778e-01	3.24000e+02
1069	3.26670e+02	1.06900e+03	8.99018e-01	3.24500e+02
1070	3.27174e+02	1.07000e+03	8.98251e-01	3.25000e+02
1071	3.27675e+02	1.07100e+03	8.97481e-01	3.25500e+02
1072	3.28167e+02	1.07200e+03	8.96688e-01	3.26000e+02
1073	3.28678e+02	1.07300e+03	8.95894e-01	3.26500e+02
1074	3.29184e+02	1.07400e+03	8.95090e-01	3.27000e+02
1075	3.29686e+02	1.07500e+03	8.94278e-01	3.27500e+02
1076	3.30195e+02	1.07600e+03	8.93423e-01	3.28000e+02
1077	3.30694e+02	1.07700e+03	8.92564e-01	3.28500e+02
1078	3.31203e+02	1.07800e+03	8.91686e-01	3.29000e+02
1079	3.31702e+02	1.07900e+03	8.90793e-01	3.29500e+02
1080	3.32201e+02	1.08000e+03	8.89822e-01	3.30000e+02
1081	3.32703e+02	1.08100e+03	8.88857e-01	3.30500e+02
1082	3.33200e+02	1.08200e+03	8.87872e-01	3.31000e+02
1083	3.33713e+02	1.08300e+03	8.86871e-01	3.31500e+02
1084	3.34218e+02	1.08400e+03	8.85780e-01	3.32000e+02
1085	3.34722e+02	1.08500e+03	8.84704e-01	3.32500e+02
1086	3.35219e+02	1.08600e+03	8.83609e-01	3.33000e+02
1087	3.35707e+02	1.08700e+03	8.82496e-01	3.33500e+02
1088	3.36210e+02	1.08800e+03	8.81293e-01	3.34000e+02
1089	3.36708e+02	1.08900e+03	8.80093e-01	3.34500e+02
1090	3.37201e+02	1.09000e+03	8.78864e-01	3.35000e+02
1091	3.37697e+02	1.09100e+03	8.77611e-01	3.35500e+02
1092	3.38198e+02	1.09200e+03	8.76237e-01	3.36000e+02
1093	3.38688e+02	1.09300e+03	8.74870e-01	3.36500e+02
1094	3.39182e+02	1.09400e+03	8.73469e-01	3.37000e+02
1095	3.39682e+02	1.09500e+03	8.72038e-01	3.37500e+02
1096	3.40187e+02	1.09600e+03	8.70458e-01	3.38000e+02
1097	3.40686e+02	1.09700e+03	8.68896e-01	3.38500e+02
1098	3.41188e+02	1.09800e+03	8.67299e-01	3.39000e+02
1099	3.41685e+02	1.09900e+03	8.65672e-01	3.39500e+02
1100	3.42181e+02	1.10000e+03	8.63887e-01	3.40000e+02
1101	3.42684e+02	1.10100e+03	8.62120e-01	3.40500e+02
1102	3.43186e+02	1.10200e+03	8.60315e-01	3.41000e+02
1103	3.43696e+02	1.10300e+03	8.58475e-01	3.41500e+02
1104	3.44208e+02	1.10400e+03	8.56458e-01	3.42000e+02
1105	3.44713e+02	1.10500e+03	8.54455e-01	3.42500e+02
1106	3.45205e+02	1.10600e+03	8.52407e-01	3.43000e+02
1107	3.45703e+02	1.10700e+03	8.50317e-01	3.43500e+02
1108	3.46204e+02	1.10800e+03	8.48018e-01	3.44000e+02
1109	3.46703e+02	1.10900e+03	8.45741e-01	3.44500e+02
1110	3.47208e+02	1.11000e+03	8.43415e-01	3.45000e+02
1111	3.47711e+02	1.11100e+03	8.41044e-01	3.45500e+02
1112	3.48221e+02	1.11200e+03	8.38447e-01	3.46000e+02
1113	3.48718e+02	1.11300e+03	8.35878e-01	3.46500e+02
1114	3.49217e+02	1.11400e+03	8.33256e-01	3.47000e+02
1115	3.49731e+02	1.11500e+03	8.30585e-01	3.47500e+02
1116	3.50225e+02	1.11600e+03	8.27666e-01	3.48000e+02
1117	3.50735e+02	1.11700e+03	8.24767e-01	3.48500e+02
1118	3.51246e+02	1.11800e+03	8.21802e-01	3.49000e+02
1119	3.51759e+02	1.11900e+03	8.18779e-01	3.49500e+02
1120	3.52270e+02	1.12000e+03	8.15454e-01	3.50000e+02
1121	3.52756e+02	1.12100e+03	8.12156e-01	3.50500e+02
1122	3.53265e+02	1.12200e+03	8.08790e-01	3.51000e+02
1123	3.53753e+02	1.12300e+03	8.05363e-01	3.51500e+02
1124	3.54255e+02	1.12400e+03	8.01616e-01	3.52000e+02
1125	3.54761e+02	1.12500e+03	7.97924e-01	3.52500e+02
1126	3.55253e+02	1.12600e+03	7.94172e-01	3.53000e+02
1127	3.55756e+02	1.12700e+03	7.90364e-01	3.53500e+02
1128	3.56256e+02	1.12800e+03	7.86268e-01	3.54000e+02
1129	3.56756e+02	1.12900e+03	7.82208e-01	3.54500e+02
1130	3.57246e+02	1.13000e+03	7.78086e-01	3.55000e+02
1131	3.57751e+02	1.13100e+03	7.73907e-01	3.55500e+02
1132	3.58254e+02	1.13200e+03	7.69436e-01	3.56000e+02
1133	3.58745e+02	1.13300e+03	7.65004e-01	3.56500e+02
1134	3.59237e+02	1.13400e+03	7.60506e-01	3.57000e+02
1135	3.59743e+02	1.13500e+03	7.55949e-01	3.57500e+02
1136	3.60243e+02	1.13600e+03	7.51087e-01	3.58000e+02
1137	3.60739e+02	1.13700e+03	7.46254e-01	3.58500e+02
1138	3.61233e+02	1.13800e+03	7.41347e-01	3.59000e+02
1139	3.61734e+02	1.13900e+03	7.36374e-01	3.59500e+02
1140	3.62224e+02	1.14000e+03	7.31070e-01	3.60000e+02
1141	3.62738e+02	1.14100e+03	7.25811e-01	3.60500e+02
1142	3.63236e+02	1.14200e+03	7.20487e-01	3.61000e+02
1143	3.63722e+02	1.14300e+03	7.15103e-01	3.61500e+02
1144	3.64211e+02	1.14400e+03	7.09404e-01	3.62000e+02
1145	3.64723e+02	1.14500e+03	7.03761e-01	3.62500e+02
1146	3.65217e+02	1.14600e+03	6.98061e-01	3.63000e+02
1147	3.65713e+02	1.14700e+03	6.92307e-01	3.63500e+02
1148	3.66207e+02	1.14800e+03	6.86275e-01	3.64000e+02
1149	3.66706e+02	1.14900e+03	6.80285e-01	3.64500e+02
1150	3.67193e+02	1.15000e+03	6.74241e-01	3.65000e+02
1151	3.67694e+02	1.15100e+03	6.68145e-01	3.65500e+02
1152	3.68189e+02	1.15200e+03	6.61783e-01	3.66000e+02
1153	3.68697e+02	1.15300e+03	6.55457e-01	3.66500e+02
1154	3.69201e+02	1.15400e+03	6.49073e-01	3.67000e+02
1155	3.69684e+02	1.15500e+03	6.42635e-01	3.67500e+02
1156	3.70174e+02	1.15600e+03	6.35919e-01	3.68000e+02
1157	3.70674e+02	1.15700e+03	6.29234e-01	3.68500e+02
1158	3.71186e+02	1.15800e+03	6.22491e-01	3.69000e+02
1159	3.71676e+02	1.15900e+03	6.15693e-01	3.69500e+02
1160	3.72159e+02	1.16000e+03	6.08614e-01	3.70000e+02
1161	3.72655e+02	1.16100e+03	6.01582e-01	3.70500e+02
1162	3.73153e+02	1.16200e+03	5.94503e-01	3.71000e+02
1163	3.73648e+02	1.16300e+03	5.87379e-01	3.71500e+02
1164	3.74145e+02	1.16400e+03	5.80016e-01	3.72000e+02
1165	3.74646e+02	1.16500e+03	5.72694e-01	3.72500e+02
1166	3.75132e+02	1.16600e+03	5.65334e-01	3.73000e+02
1167	3.75628e+02	1.16700e+03	5.57936e-01	3.73500e+02
1168	3.76126e+02	1.16800e+03	5.50342e-01	3.74000e+02
1169	3.76613e+02	1.16900e+03	5.42785e-01	3.74500e+02
1170	3.77120e+02	1.17000e+03	5.35197e-01	3.75000e+02
1171	3.77631e+02	1.17100e+03	5.27579e-01	3.75500e+02
1172	3.78123e+02	1.17200e+03	5.19806e-01	3.76000e+02
1173	3.78628e+02	1.17300e+03	5.12061e-01	3.76500e+02
1174	3.79128e+02	1.17400e+03	5.04293e-01	3.77000e+02
1175	3.79628e+02	1.17500e+03	4.96502e-01	3.77500e+02
1176	3.80131e+02	1.17600e+03	4.88596e-01	3.78000e+02
1177	3.80624e+02	1.17700e+03	4.80719e-01	3.78500e+02
1178	3.81137e+02	1.17800e+03	4.72830e-01	3.79000e+02
1179	3.81628e+02	1.17900e+03	4.64928e-01	3.79500e+02
1180	3.82129e+02	1.18000e+03	4.56960e-01	3.80000e+02
1181	3.82617e+02	1.18100e+03	4.49014e-01	3.80500e+02
1182	3.83116e+02	1.18200e+03	4.41066e-01	3.81000e+02
1183	3.83620e+02	1.18300e+03	4.33117e-01	3.81500e+02
1184	3.84127e+02	1.18400e+03	4.25155e-01	3.82000e+02
1185	3.84625e+02	1.18500e+03	4.17213e-01	3.82500e+02
1186	3.85114e+02	1.18600e+03	4.09283e-01	3.83000e+02
1187	3.85623e+02	1.18700e+03	4.01361e-01	3.83500e+02
1188	3.86123e+02	1.18800e+03	3.93477e-01	3.84000e+02
1189	3.86615e+02	1.18900e+03	3.85593e-01	3.84500e+02
1190	3.87120e+02	1.19000e+03	3.77720e-01	3.85000e+02
1191	3.87612e+02	1.19100e+03	3.69858e-01	3.85500e+02
1192	3.88125e+02	1.19200e+03	3.62068e-01	3.86000e+02
1193	3.88635e+02	1.19300e+03	3.54289e-01	3.86500e+02
1194	3.89136e+02	1.19400e+03	3.46546e-01	3.87000e+02
1195	3.89646e+02	1.19500e+03	3.38833e-01	3.87500e+02
1196	3.90139e+02	1.19600e+03	3.31266e-01	3.88000e+02
1197	3.90656e+02	1.19700e+03	3.23702e-01	3.88500e+02
1198	3.91153e+02	1.19800e+03	3.16188e-01	3.89000e+02
1199	3.91659e+02	1.19900e+03	3.08714e-01	3.89500e+02
1200	3.92168e+02	1.20000e+03	3.01458e-01	3.90000e+02
1201	3.92678e+02	1.20100e+03	2.94185e-01	3.90500e+02
1202	3.93198e+02	1.20200e+03	2.86973e-01	3.91000e+02
1203	3.93690e+02	1.20300e+03	2.79813e-01	3.91500e+02
1204	3.94215e+02	1.20400e+03	2.72916e-01	3.92000e+02
1205	3.94715e+02	1.20500e+03	2.65998e-01	3.92500e+02
1206	3.95224e+02	1.20600e+03	2.59148e-01	3.93000e+02
1207	3.95721e+02	1.20700e+03	2.52357e-01	3.93500e+02
1208	3.96224e+02	1.20800e+03	2.45870e-01	3.94000e+02
1209	3.96723e+02	1.20900e+03	2.39350e-01	3.94500e+02
1210	3.97228e+02	1.21000e+03	2.32905e-01	3.95000e+02
1211	3.97735e+02	1.21100e+03	2.26530e-01	3.95500e+02
1212	3.98238e+02	1.21200e+03	2.20501e-01	3.96000e+02
1213	3.98733e+02	1.21300e+03	2.14447e-01	3.96500e+02
1214	3.99219e+02	1.21400e+03	2.08484e-01	3.97000e+02
1215	3.99740e+02	1.21500e+03	2.02600e-01	3.97500e+02
1216	4.00239e+02	1.21600e+03	1.97118e-01	3.98000e+02
1217	4.00763e+02	1.21700e+03	1.91581e-01	3.98500e+02
1218	4.01260e+02	1.21800e+03	1.86126e-01	3.99000e+02
1219	4.01767e+02	1.21900e+03	1.80748e-01	3.99500e+02
1220	4.02269e+02	1.22000e+03	1.75761e-01	4.00000e+02
1221	4.02775e+02	1.22100e+03	1.70714e-01	4.00500e+02
1222	4.03261e+02	1.22200e+03	1.65745e-01	4.01000e+02
1223	4.03769e+02	1.22300e+03	1.60851e-01	4.01500e+02
1224	4.04264e+02	1.22400e+03	1.56329e-01	4.02000e+02
1225	4.04753e+02	1.22500e+03	1.51757e-01	4.02500e+02
1226	4.05246e+02	1.22600e+03	1.47263e-01	4.03000e+02
1227	4.05745e+02	1.22700e+03	1.42845e-01	4.03500e+02
1228	4.06241e+02	1.22800e+03	1.38806e-01	4.04000e+02
1229	4.06740e+02	1.22900e+03	1.34719e-01	4.04500e+02
1230	4.07254e+02	1.23000e+03	1.30715e-01	4.05000e+02
1231	4.07778e+02	1.23100e+03	1.26784e-01	4.05500e+02
1232	4.08284e+02	1.23200e+03	1.23232e-01	4.06000e+02
1233	4.08841e+02	1.23300e+03	1.19617e-01	4.06500e+02
1234	4.09390e+02	1.23400e+03	1.16070e-01	4.07000e+02
1235	4.09924e+02	1.23500e+03	1.12588e-01	4.07500e+02
1236	4.10482e+02	1.23600e+03	1.09449e-01	4.08000e+02
1237	4.11014e+02	1.23700e+03	1.06259e-01	4.08500e+02
1238	4.11502e+02	1.23800e+03	1.03137e-01	4.09000e+02
1239	4.12059e+02	1.23900e+03	1.00080e-01	4.09500e+02
1240	4.12595e+02	1.24000e+03	9.73488e-02	4.10000e+02
1241	4.13115e+02	1.24100e+03	9.45743e-02	4.10500e+02
1242	4.13604e+02	1.24200e+03	9.18651e-02	4.11000e+02
1243	4.14109e+02	1.24300e+03	8.92158e-02	4.11500e+02
1244	4.14648e+02	1.24400e+03	8.68821e-02	4.12000e+02
1245	4.15148e+02	1.24500e+03	8.44955e-02	4.12500e+02
1246	4.15647e+02	1.24600e+03	8.21651e-02	4.13000e+02
1247	4.16149e+02	1.24700e+03	7.98890e-02	4.13500e+02
1248	4.16612e+02	1.24800e+03	7.78921e-02	4.14000e+02
1249	4.17113e+02	1.24900e+03	7.58519e-02	4.14500e+02
1250	4.17625e+02	1.25000e+03	7.38638e-02	4.15000e+02
1251	4.18111e+02	1.25100e+03	7.19250e-02	4.15500e+02
1252	4.18577e+02	1.25200e+03	7.02423e-02	4.16000e+02
1253	4.19064e+02	1.25300e+03	6.85196e-02	4.16500e+02
1254	4.19553e+02	1.25400e+03	6.68439e-02	4.17000e+02
1255	4.20049e+02	1.25500e+03	6.52132e-02	4.17500e+02
1256	4.20550e+02	1.25600e+03	6.38144e-02	4.18000e+02
1257	4.21050e+02	1.25700e+03	6.23766e-02	4.18500e+02
1258	4.21523e+02	1.25800e+03	6.09768e-02	4.19000e+02
1259	4.22000e+02	1.25900e+03	5.96133e-02	4.19500e+02
1260	4.22476e+02	1.26000e+03	5.84418e-02	4.20000e+02
1261	4.22963e+02	1.26100e+03	5.72319e-02	4.20500e+02
1262	4.23439e+02	1.26200e+03	5.60526e-02	4.21000e+02
1263	4.23921e+02	1.26300e+03	5.49043e-02	4.21500e+02
1264	4.24448e+02	1.26400e+03	5.39160e-02	4.22000e+02
1265	4.24899e+02	1.26500e+03	5.29110e-02	4.22500e+02
1266	4.25397e+02	1.26600e+03	5.19423e-02	4.23000e+02
1267	4.25947e+02	1.26700e+03	5.10059e-02	4.23500e+02
1268	4.26445e+02	1.26800e+03	5.02318e-02	4.24000e+02
1269	4.26917e+02	1.26900e+03	4.94281e-02	4.24500e+02
1270	4.27393e+02	1.27000e+03	4.86492e-02	4.25000e+02
1271	4.27895e+02	1.27100e+03	4.78946e-02	4.25500e+02
1272	4.28409e+02	1.27200e+03	4.72709e-02	4.26000e+02
1273	4.28894e+02	1.27300e+03	4.66180e-02	4.26500e+02
1274	4.29406e+02	1.27400e+03	4.59827e-02	4.27000e+02
1275	4.29870e+02	1.27500e+03	4.53661e-02	4.27500e+02
1276	4.30349e+02	1.27600e+03	4.48425e-02	4.28000e+02
1277	4.30829e+02	1.27700e+03	4.43026e-02	4.28500e+02
1278	4.31288e+02	1.27800e+03	4.37794e-02	4.29000e+02
1279	4.31859e+02	1.27900e+03	4.32723e-02	4.29500e+02
1280	4.32424e+02	1.28000e+03	4.28483e-02	4.30000e+02
1281	4.32870e+02	1.28100e+03	4.24125e-02	4.30500e+02
1282	4.33299e+02	1.28200e+03	4.19931e-02	4.31000e+02
1283	4.33733e+02	1.28300e+03	4.15891e-02	4.31500e+02
1284	4.34127e+02	1.28400e+03	4.12636e-02	4.32000e+02
1285	4.34545e+02	1.28500e+03	4.09231e-02	4.32500e+02
1286	4.34986e+02	1.28600e+03	4.05934e-02	4.33000e+02
1287	4.35449e+02	1.28700e+03	4.02747e-02	4.33500e+02
1288	4.35946e+02	1.28800e+03	4.00167e-02	4.34000e+02
1289	4.36421e+02	1.28900e+03	3.97450e-02	4.34500e+02
1290	4.36900e+02	1.29000e+03	3.94822e-02	4.35000e+02
1291	4.37379e+02	1.29100e+03	3.92288e-02	4.35500e+02
1292	4.37887e+02	1.29200e+03	3.90129e-02	4.36000e+02
1293	4.38379e+02	1.29300e+03	3.87883e-02	4.36500e+02
1294	4.38873e+02	1.29400e+03	3.85685e-02	4.37000e+02
1295	4.39361e+02	1.29500e+03	3.83519e-02	4.37500e+02
1296	4.39854e+02	1.29600e+03	3.81551e-02	4.38000e+02
1297	4.40341e+02	1.29700e+03	3.79528e-02	4.38500e+02
1298	4.40830e+02	1.29800e+03	3.77547e-02	4.39000e+02
1299	4.41311e+02	1.29900e+03	3.75618e-02	4.39500e+02
1300	4.41812e+02	1.30000e+03	3.73931e-02	4.40000e+02
1301	4.42302e+02	1.30100e+03	3.72338e-02	4.40500e+02
1302	4.42794e+02	1.30200e+03	3.70901e-02	4.41000e+02
1303	4.43279e+02	1.30300e+03	3.69575e-02	4.41500e+02
1304	4.43769e+02	1.30400e+03	3.68782e-02	4.42000e+02
1305	4.44277e+02	1.30500e+03	3.67879e-02	4.42500e+02
1306	4.44776e+02	1.30600e+03	3.67035e-02	4.43000e+02
1307	4.45259e+02	1.30700e+03	3.66248e-02	4.43500e+02
1308	4.45760e+02	1.30800e+03	3.65814e-02	4.44000e+02
1309	4.46257e+02	1.30900e+03	3.65218e-02	4.44500e+02
1310	4.46746e+02	1.31000e+03	3.64598e-02	4.45000e+02
1311	4.47250e+02	1.31100e+03	3.63990e-02	4.45500e+02
1312	4.47751e+02	1.31200e+03	3.63438e-02	4.46000e+02
1313	4.48275e+02	1.31300e+03	3.62890e-02	4.46500e+02
1314	4.48787e+02	1.31400e+03	3.62371e-02	4.47000e+02
1315	4.49282e+02	1.31500e+03	3.61872e-02	4.47500e+02
1316	4.49782e+02	1.31600e+03	3.61462e-02	4.48000e+02
1317	4.50265e+02	1.31700e+03	3.61071e-02	4.48500e+02
1318	4.50750e+02	1.31800e+03	3.60708e-02	4.49000e+02
1319	4.51230e+02	1.31900e+03	3.60363e-02	4.49500e+02
1320	4.51715e+02	1.32000e+03	3.60129e-02	4.50000e+02
1321	4.52206e+02	1.32100e+03	3.59842e-02	4.50500e+02
1322	4.52696e+02	1.32200e+03	3.59546e-02	4.51000e+02
1323	4.53173e+02	1.32300e+03	3.59247e-02	4.51500e+02
1324	4.53649e+02	1.32400e+03	3.58920e-02	4.52000e+02
1325	4.54126e+02	1.32500e+03	3.58580e-02	4.52500e+02
1326	4.54616e+02	1.32600e+03	3.58233e-02	4.53000e+02
1327	4.55098e+02	1.32700e+03	3.57884e-02	4.53500e+02
1328	4.55586e+02	1.32800e+03	3.57505e-02	4.54000e+02
1329	4.56067e+02	1.32900e+03	3.57163e-02	4.54500e+02
1330	4.56558e+02	1.33000e+03	3.56849e-02	4.55000e+02
1331	4.57040e+02	1.33100e+03	3.56550e-02	4.55500e+02
1332	4.57517e+02	1.33200e+03	3.56333e-02	4.56000e+02
1333	4.58007e+02	1.33300e+03	3.56122e-02	4.56500e+02
1334	4.58496e+02	1.33400e+03	3.55953e-02	4.57000e+02
1335	4.58987e+02	1.33500e+03	3.55820e-02	4.57500e+02
1336	4.59497e+02	1.33600e+03	3.55832e-02	4.58000e+02
1337	4.59997e+02	1.33700e+03	3.55828e-02	4.58500e+02
1338	4.60478e+02	1.33800e+03	3.55847e-02	4.59000e+02
1339	4.60965e+02	1.33900e+03	3.55882e-02	4.59500e+02
1340	4.61445e+02	1.34000e+03	3.56019e-02	4.60000e+02
1341	4.61938e+02	1.34100e+03	3.56092e-02	4.60500e+02
1342	4.62419e+02	1.34200e+03	3.56140e-02	4.61000e+02
1343	4.62910e+02	1.34300e+03	3.56176e-02	4.61500e+02
1344	4.63406e+02	1.34400e+03	3.56143e-02	4.62000e+02
1345	4.63888e+02	1.34500e+03	3.56093e-02	4.62500e+02
1346	4.64379e+02	1.34600e+03	3.56017e-02	4.63000e+02
1347	4.64863e+02	1.34700e+03	3.55922e-02	4.63500e+02
1348	4.65352e+02	1.34800e+03	3.55707e-02	4.64000e+02
1349	4.65840e+02	1.34900e+03	3.55531e-02	4.64500e+02
1350	4.66320e+02	1.35000e+03	3.55352e-02	4.65000e+02
1351	4.66799e+02	1.35100e+03	3.55160e-02	4.65500e+02
1352	4.67278e+02	1.35200e+03	3.54920e-02	4.66000e+02
1353	4.67750e+02	1.35300e+03	3.54692e-02	4.66500e+02
1354	4.68238e+02	1.35400e+03	3.54453e-02	4.67000e+02
1355	4.68724e+02	1.35500e+03	3.54208e-02	4.67500e+02
1356	4.69214e+02	1.35600e+03	3.53962e-02	4.68000e+02
1357	4.69699e+02	1.35700e+03	3.53745e-02	4.68500e+02
1358	4.70193e+02	1.35800e+03	3.53556e-02	4.69000e+02
1359	4.70687e+02	1.35900e+03	3.53392e-02	4.69500e+02
1360	4.71169e+02	1.36000e+03	3.53322e-02	4.70000e+02
1361	4.71667e+02	1.36100e+03	3.53251e-02	4.70500e+02
1362	4.72150e+02	1.36200e+03	3.53204e-02	4.71000e+02
1363	4.72640e+02	1.36300e+03	3.53173e-02	4.71500e+02
1364	4.73138e+02	1.36400e+03	3.53245e-02	4.72000e+02
1365	4.73631e+02	1.36500e+03	3.53263e-02	4.72500e+02
1366	4.74113e+02	1.36600e+03	3.53269e-02	4.73000e+02
1367	4.74602e+02	1.36700e+03	3.53272e-02	4.73500e+02
1368	4.75093e+02	1.36800e+03	3.53256e-02	4.74000e+02
1369	4.75583e+02	1.36900e+03	3.53244e-02	4.74500e+02
1370	4.76088e+02	1.37000e+03	3.53229e-02	4.75000e+02
1371	4.76567e+02	1.37100e+03	3.53213e-02	4.75500e+02
1372	4.77051e+02	1.37200e+03	3.53177e-02	4.76000e+02
1373	4.77544e+02	1.37300e+03	3.53145e-02	4.76500e+02
1374	4.78037e+02	1.37400e+03	3.53112e-02	4.77000e+02
1375	4.78524e+02	1.37500e+03	3.53075e-02	4.77500e+02
1376	4.79014e+02	1.37600e+03	3.53035e-02	4.78000e+02
1377	4.79507e+02	1.37700e+03	3.53011e-02	4.78500e+02
1378	4.80001e+02	1.37800e+03	3.53007e-02	4.79000e+02
1379	4.80494e+02	1.37900e+03	3.53018e-02	4.79500e+02
1380	4.80977e+02	1.38000e+03	3.53067e-02	4.80000e+02
1381	4.81470e+02	1.38100e+03	3.53106e-02	4.80500e+02
1382	4.81961e+02	1.38200e+03	3.53139e-02	4.81000e+02
1383	4.82453e+02	1.38300e+03	3.53167e-02	4.81500e+02
1384	4.82951e+02	1.38400e+03	3.53195e-02	4.82000e+02
1385	4.83437e+02	1.38500e+03	3.53183e-02	4.82500e+02
1386	4.83920e+02	1.38600e+03	3.53158e-02	4.83000e+02
1387	4.84406e+02	1.38700e+03	3.53133e-02	4.83500e+02
1388	4.84907e+02	1.38800e+03	3.53061e-02	4.84000e+02
1389	4.85388e+02	1.38900e+03	3.53050e-02	4.84500e+02
1390	4.85871e+02	1.39000e+03	3.53058e-02	4.85000e+02
1391	4.86362e+02	1.39100e+03	3.53064e-02	4.85500e+02
1392	4.86859e+02	1.39200e+03	3.53126e-02	4.86000e+02
1393	4.87340e+02	1.39300e+03	3.53153e-02	4.86500e+02
1394	4.87839e+02	1.39400e+03	3.53169e-02	4.87000e+02
1395	4.88320e+02	1.39500e+03	3.53181e-02	4.87500e+02
1396	4.88809e+02	1.39600e+03	3.53156e-02	4.88000e+02
1397	4.89307e+02	1.39700e+03	3.53118e-02	4.88500e+02
1398	4.89795e+02	1.39800e+03	3.53065e-02	4.89000e+02
1399	4.90275e+02	1.39900e+03	3.53002e-02	4.89500e+02
1400	4.90764e+02	1.40000e+03	3.52839e-02	4.90000e+02
1401	4.91247e+02	1.40100e+03	3.52674e-02	4.90500e+02
1402	4.91742e+02	1.40200e+03	3.52473e-02	4.91000e+02
1403	4.92234e+02	1.40300e+03	3.52240e-02	4.91500e+02
1404	4.92725e+02	1.40400e+03	3.51846e-02	4.92000e+02
1405	4.93221e+02	1.40500e+03	3.51491e-02	4.92500e+02
1406	4.93705e+02	1.40600e+03	3.51153e-02	4.93000e+02
1407	4.94191e+02	1.40700e+03	3.50831e-02	4.93500e+02
1408	4.94692e+02	1.40800e+03	3.50552e-02	4.94000e+02
1409	4.95183e+02	1.40900e+03	3.50392e-02	4.94500e+02
1410	4.95662e+02	1.41000e+03	3.50319e-02	4.95000e+02
1411	4.96149e+02	1.41100e+03	3.50296e-02	4.95500e+02
1412	4.96642e+02	1.41200e+03	3.50587e-02	4.96000e+02
1413	4.97125e+02	1.41300e+03	3.50745e-02	4.96500e+02
1414	4.97619e+02	1.41400e+03	3.50870e-02	4.97000e+02
1415	4.98097e+02	1.41500e+03	3.50983e-02	4.97500e+02
1416	4.98591e+02	1.41600e+03	3.51077e-02	4.98000e+02
1417	4.99087e+02	1.41700e+03	3.51116e-02	4.98500e+02
1418	4.99567e+02	1.41800e+03	3.51127e-02	4.99000e+02
1419	5.00058e+02	1.41900e+03	3.51121e-02	4.99500e+02
1420	5.00551e+02	1.42000e+03	3.50991e-02	5.00000e+02
1421	5.01051e+02	1.42100e+03	3.50936e-02	5.00500e+02
1422	5.01548e+02	1.42200e+03	3.50887e-02	5.01000e+02
1423	5.02032e+02	1.42300e+03	3.50837e-02	5.01500e+02
1424	5.02523e+02	1.42400e+03	3.50787e-02	5.02000e+02
1425	5.03009e+02	1.42500e+03	3.50712e-02	5.02500e+02
1426	5.03503e+02	1.42600e+03	3.50627e-02	5.03000e+02
1427	5.03990e+02	1.42700e+03	3.50538e-02	5.03500e+02
1428	5.04480e+02	1.42800e+03	3.50442e-02	5.04000e+02
1429	5.04975e+02	1.42900e+03	3.50395e-02	5.04500e+02
1430	5.05457e+02	1.43000e+03	3.50386e-02	5.05000e+02
1431	5.05957e+02	1.43100e+03	3.50405e-02	5.05500e+02
1432	5.06451e+02	1.43200e+03	3.50576e-02	5.06000e+02
1433	5.06935e+02	1.43300e+03	3.50715e-02	5.06500e+02
1434	5.07431e+02	1.43400e+03	3.50847e-02	5.07000e+02
1435	5.07928e+02	1.43500e+03	3.50972e-02	5.07500e+02
1436	5.08423e+02	1.43600e+03	3.51103e-02	5.08000e+02
1437	5.08910e+02	1.43700e+03	3.51124e-02	5.08500e+02
1438	5.09407e+02	1.43800e+03	3.51072e-02	5.09000e+02
1439	5.09905e+02	1.43900e+03	3.50976e-02	5.09500e+02
1440	5.10393e+02	1.44000e+03	3.50619e-02	5.10000e+02
1441	5.10884e+02	1.44100e+03	3.50342e-02	5.10500e+02
1442	5.11382e+02	1.44200e+03	3.50064e-02	5.11000e+02
1443	5.11881e+02	1.44300e+03	3.49782e-02	5.11500e+02
1444	5.12369e+02	1.44400e+03	3.49422e-02	5.12000e+02
1445	5.12879e+02	1.44500e+03	3.49102e-02	5.12500e+02
1446	5.13369e+02	1.44600e+03	3.48761e-02	5.13000e+02
1447	5.13873e+02	1.44700e+03	3.48398e-02	5.13500e+02
1448	5.14365e+02	1.44800e+03	3.47950e-02	5.14000e+02
1449	5.14867e+02	1.44900e+03	3.47477e-02	5.14500e+02
1450	5.15371e+02	1.45000e+03	3.47034e-02	5.15000e+02
1451	5.15857e+02	1.45100e+03	3.46627e-02	5.15500e+02
1452	5.16346e+02	1.45200e+03	3.46383e-02	5.16000e+02
1453	5.16829e+02	1.45300e+03	3.46370e-02	5.16500e+02
1454	5.17319e+02	1.45400e+03	3.46547e-02	5.17000e+02
1455	5.17805e+02	1.45500e+03	3.46849e-02	5.17500e+02
1456	5.18296e+02	1.45600e+03	3.47900e-02	5.18000e+02
1457	5.18789e+02	1.45700e+03	3.48696e-02	5.18500e+02
1458	5.19275e+02	1.45800e+03	3.49462e-02	5.19000e+02
1459	5.19766e+02	1.45900e+03	3.50227e-02	5.19500e+02
1460	5.20263e+02	1.46000e+03	3.50974e-02	5.20000e+02
1461	5.20759e+02	1.46100e+03	3.51458e-02	5.20500e+02
1462	5.21249e+02	1.46200e+03	3.51778e-02	5.21000e+02
1463	5.21733e+02	1.46300e+03	3.52007e-02	5.21500e+02
1464	5.22226e+02	1.46400e+03	3.51629e-02	5.22000e+02
1465	5.22717e+02	1.46500e+03	3.51471e-02	5.22500e+02
1466	5.23226e+02	1.46600e+03	3.51339e-02	5.23000e+02
1467	5.23716e+02	1.46700e+03	3.51207e-02	5.23500e+02
1468	5.24206e+02	1.46800e+03	3.50988e-02	5.24000e+02
1469	5.24708e+02	1.46900e+03	3.50881e-02	5.24500e+02
1470	5.25216e+02	1.47000e+03	3.50819e-02	5.25000e+02
1471	5.25715e+02	1.47100e+03	3.50773e-02	5.25500e+02
1472	5.26203e+02	1.47200e+03	3.50856e-02	5.26000e+02
1473	5.26711e+02	1.47300e+03	3.50851e-02	5.26500e+02
1474	5.27205e+02	1.47400e+03	3.50828e-02	5.27000e+02
1475	5.27717e+02	1.47500e+03	3.50800e-02	5.27500e+02
1476	5.28220e+02	1.47600e+03	3.50741e-02	5.28000e+02
1477	5.28714e+02	1.47700e+03	3.50703e-02	5.28500e+02
1478	5.29218e+02	1.47800e+03	3.50678e-02	5.29000e+02
1479	5.29709e+02	1.47900e+03	3.50663e-02	5.29500e+02
1480	5.30234e+02	1.48000e+03	3.50656e-02	5.30000e+02
1481	5.30737e+02	1.48100e+03	3.50631e-02	5.30500e+02
1482	5.31237e+02	1.48200e+03	3.50596e-02	5.31000e+02
1483	5.31742e+02	1.48300e+03	3.50560e-02	5.31500e+02
1484	5.32259e+02	1.48400e+03	3.50493e-02	5.32000e+02
1485	5.32739e+02	1.48500e+03	3.50418e-02	5.32500e+02
1486	5.33233e+02	1.48600e+03	3.50340e-02	5.33000e+02
1487	5.33727e+02	1.48700e+03	3.50260e-02	5.33500e+02
1488	5.34237e+02	1.48800e+03	3.50152e-02	5.34000e+02
1489	5.34736e+02	1.48900e+03	3.50075e-02	5.34500e+02
1490	5.35241e+02	1.49000e+03	3.50007e-02	5.35000e+02
1491	5.35745e+02	1.49100e+03	3.49939e-02	5.35500e+02
1492	5.36241e+02	1.49200e+03	3.49868e-02	5.36000e+02
1493	5.36732e+02	1.49300e+03	3.49770e-02	5.36500e+02
1494	5.37221e+02	1.49400e+03	3.49665e-02	5.37000e+02
1495	5.37719e+02	1.49500e+03	3.49562e-02	5.37500e+02
1496	5.38213e+02	1.49600e+03	3.49406e-02	5.38000e+02
1497	5.38714e+02	1.49700e+03	3.49267e-02	5.38500e+02
1498	5.39216e+02	1.49800e+03	3.49131e-02	5.39000e+02
1499	5.39714e+02	1.49900e+03	3.48998e-02	5.39500e+02
1500	5.40189e+02	1.50000e+03	3.48892e-02	5.40000e+02
1501	5.40695e+02	1.50100e+03	3.48797e-02	5.40500e+02
1502	5.41194e+02	1.50200e+03	3.48725e-02	5.41000e+02
1503	5.41684e+02	1.50300e+03	3.48675e-02	5.41500e+02
1504	5.42188e+02	1.50400e+03	3.48736e-02	5.42000e+02
1505	5.42687e+02	1.50500e+03	3.48803e-02	5.42500e+02
1506	5.43191e+02	1.50600e+03	3.48904e-02	5.43000e+02
1507	5.43711e+02	1.50700e+03	3.49025e-02	5.43500e+02
1508	5.44222e+02	1.50800e+03	3.49264e-02	5.44000e+02
1509	5.44725e+02	1.50900e+03	3.49446e-02	5.44500e+02
1510	5.45191e+02	1.51000e+03	3.49609e-02	5.45000e+02
1511	5.45689e+02	1.51100e+03	3.49763e-02	5.45500e+02
1512	5.46158e+02	1.51200e+03	3.49879e-02	5.46000e+02
1513	5.46645e+02	1.51300e+03	3.49961e-02	5.46500e+02
1514	5.47123e+02	1.51400e+03	3.50005e-02	5.47000e+02
1515	5.47601e+02	1.51500e+03	3.50025e-02	5.47500e+02
1516	5.48084e+02	1.51600e+03	3.49925e-02	5.48000e+02
1517	5.48590e+02	1.51700e+03	3.49866e-02	5.48500e+02
1518	5.49086e+02	1.51800e+03	3.49808e-02	5.49000e+02
1519	5.49581e+02	1.51900e+03	3.49744e-02	5.49500e+02
1520	5.50074e+02	1.52000e+03	3.49633e-02	5.50000e+02
1521	5.50571e+02	1.52100e+03	3.49534e-02	5.50500e+02
1522	5.51073e+02	1.52200e+03	3.49414e-02	5.51000e+02
1523	5.51580e+02	1.52300e+03	3.49264e-02	5.51500e+02
1524	5.52072e+02	1.52400e+03	3.49007e-02	5.52000e+02
1525	5.52572e+02	1.52500e+03	3.48711e-02	5.52500e+02
1526	5.53067e+02	1.52600e+03	3.48358e-02	5.53000e+02
1527	5.53552e+02	1.52700e+03	3.47963e-02	5.53500e+02
1528	5.54041e+02	1.52800e+03	3.47273e-02	5.54000e+02
1529	5.54582e+02	1.52900e+03	3.46618e-02	5.54500e+02
1530	5.55125e+02	1.53000e+03	3.45931e-02	5.55000e+02
1531	5.55672e+02	1.53100e+03	3.45222e-02	5.55500e+02
1532	5.56207e+02	1.53200e+03	3.44410e-02	5.56000e+02
1533	5.56699e+02	1.53300e+03	3.43796e-02	5.56500e+02
1534	5.57242e+02	1.53400e+03	3.43338e-02	5.57000e+02
1535	5.57809e+02	1.53500e+03	3.42981e-02	5.57500e+02
1536	5.58379e+02	1.53600e+03	3.43196e-02	5.58000e+02
1537	5.58940e+02	1.53700e+03	3.43421e-02	5.58500e+02
1538	5.59512e+02	1.53800e+03	3.43752e-02	5.59000e+02
1539	5.60046e+02	1.53900e+03	3.44160e-02	5.59500e+02
1540	5.60415e+02	1.54000e+03	3.45059e-02	5.60000e+02
1541	5.60792e+02	1.54100e+03	3.45603e-02	5.60500e+02
1542	5.61199e+02	1.54200e+03	3.46019e-02	5.61000e+02
1543	5.61588e+02	1.54300e+03	3.46375e-02	5.61500e+02
1544	5.62003e+02	1.54400e+03	3.46336e-02	5.62000e+02
1545	5.62452e+02	1.54500e+03	3.46305e-02	5.62500e+02
1546	5.62912e+02	1.54600e+03	3.46200e-02	5.63000e+02
1547	5.63400e+02	1.54700e+03	3.46043e-02	5.63500e+02
1548	5.63852e+02	1.54800e+03	3.45557e-02	5.64000e+02
1549	5.64308e+02	1.54900e+03	3.45290e-02	5.64500e+02
1550	5.64767e+02	1.55000e+03	3.45107e-02	5.65000e+02
1551	5.65255e+02	1.55100e+03	3.44962e-02	5.65500e+02
1552	5.65732e+02	1.55200e+03	3.45019e-02	5.66000e+02
1553	5.66211e+02	1.55300e+03	3.45073e-02	5.66500e+02
1554	5.66703e+02	1.55400e+03	3.45150e-02	5.67000e+02
1555	5.67179e+02	1.55500e+03	3.45239e-02	5.67500e+02
1556	5.67653e+02	1.55600e+03	3.45485e-02	5.68000e+02
1557	5.68139e+02	1.55700e+03	3.45611e-02	5.68500e+02
1558	5.68621e+02	1.55800e+03	3.45691e-02	5.69000e+02
1559	5.69098e+02	1.55900e+03	3.45751e-02	5.69500e+02
1560	5.69582e+02	1.56000e+03	3.45671e-02	5.70000e+02
1561	5.70065e+02	1.56100e+03	3.45603e-02	5.70500e+02
1562	5.70555e+02	1.56200e+03	3.45501e-02	5.71000e+02
1563	5.71042e+02	1.56300e+03	3.45375e-02	5.71500e+02
1564	5.71537e+02	1.56400e+03	3.45137e-02	5.72000e+02
1565	5.72019e+02	1.56500e+03	3.44951e-02	5.72500e+02
1566	5.72514e+02	1.56600e+03	3.44782e-02	5.73000e+02
1567	5.73007e+02	1.56700e+03	3.44624e-02	5.73500e+02
1568	5.73499e+02	1.56800e+03	3.44506e-02	5.74000e+02
1569	5.74001e+02	1.56900e+03	3.44429e-02	5.74500e+02
1570	5.74484e+02	1.57000e+03	3.44403e-02	5.75000e+02
1571	5.74977e+02	1.57100e+03	3.44411e-02	5.75500e+02
1572	5.75476e+02	1.57200e+03	3.44566e-02	5.76000e+02
1573	5.75969e+02	1.57300e+03	3.44671e-02	5.76500e+02
1574	5.76466e+02	1.57400e+03	3.44777e-02	5.77000e+02
1575	5.76953e+02	1.57500e+03	3.44894e-02	5.77500e+02
1576	5.77446e+02	1.57600e+03	3.45075e-02	5.78000e+02
1577	5.77932e+02	1.57700e+03	3.45221e-02	5.78500e+02
1578	5.78422e+02	1.57800e+03	3.45358e-02	5.79000e+02
1579	5.78898e+02	1.57900e+03	3.45495e-02	5.79500e+02
1580	5.79391e+02	1.58000e+03	3.45603e-02	5.80000e+02
1581	5.79882e+02	1.58100e+03	3.45690e-02	5.80500e+02
1582	5.80382e+02	1.58200e+03	3.45748e-02	5.81000e+02
1583	5.80871e+02	1.58300e+03	3.45785e-02	5.81500e+02
1584	5.81364e+02	1.58400e+03	3.45740e-02	5.82000e+02
1585	5.81849e+02	1.58500e+03	3.45704e-02	5.82500e+02
1586	5.82341e+02	1.58600e+03	3.45648e-02	5.83000e+02
1587	5.82824e+02	1.58700e+03	3.45576e-02	5.83500e+02
1588	5.83325e+02	1.58800e+03	3.45438e-02	5.84000e+02
1589	5.83819e+02	1.58900e+03	3.45350e-02	5.84500e+02
1590	5.84315e+02	1.59000e+03	3.45288e-02	5.85000e+02
1591	5.84799e+02	1.59100e+03	3.45242e-02	5.85500e+02
1592	5.85286e+02	1.59200e+03	3.45266e-02	5.86000e+02
1593	5.85777e+02	1.59300e+03	3.45313e-02	5.86500e+02
1594	5.86263e+02	1.59400e+03	3.45378e-02	5.87000e+02
1595	5.86754e+02	1.59500e+03	3.45452e-02	5.87500e+02
1596	5.87247e+02	1.59600e+03	3.45614e-02	5.88000e+02
1597	5.87736e+02	1.59700e+03	3.45708e-02	5.88500e+02
1598	5.88229e+02	1.59800e+03	3.45768e-02	5.89000e+02
1599	5.88721e+02	1.59900e+03	3.45810e-02	5.89500e+02
1600	5.89220e+02	1.60000e+03	3.45750e-02	5.90000e+02
1601	5.89715e+02	1.60100e+03	3.45683e-02	5.90500e+02
1602	5.90198e+02	1.60200e+03	3.45583e-02	5.91000e+02
1603	5.90682e+02	1.60300e+03	3.45458e-02	5.91500e+02
1604	5.91177e+02	1.60400e+03	3.45210e-02	5.92000e+02
1605	5.91664e+02	1.60500e+03	3.45025e-02	5.92500e+02
1606	5.92149e+02	1.60600e+03	3.44867e-02	5.93000e+02
1607	5.92644e+02	1.60700e+03	3.44723e-02	5.93500e+02
1608	5.93136e+02	1.60800e+03	3.44657e-02	5.94000e+02
1609	5.93630e+02	1.60900e+03	3.44642e-02	5.94500e+02
1610	5.94118e+02	1.61000e+03	3.44676e-02	5.95000e+02
1611	5.94608e+02	1.61100e+03	3.44740e-02	5.95500e+02
1612	5.95097e+02	1.61200e+03	3.44972e-02	5.96000e+02
1613	5.95591e+02	1.61300e+03	3.45108e-02	5.96500e+02
1614	5.96088e+02	1.61400e+03	3.45213e-02	5.97000e+02
1615	5.96574e+02	1.61500e+03	3.45306e-02	5.97500e+02
1616	5.97059e+02	1.61600e+03	3.45341e-02	5.98000e+02
1617	5.97542e+02	1.61700e+03	3.45353e-02	5.98500e+02
1618	5.98040e+02	1.61800e+03	3.45333e-02	5.99000e+02
1619	5.98540e+02	1.61900e+03	3.45289e-02	5.99500e+02
1620	5.99033e+02	1.62000e+03	3.45118e-02	6.00000e+02
1621	5.99524e+02	1.62100e+03	3.44990e-02	6.00500e+02
1622	6.00014e+02	1.62200e+03	3.44867e-02	6.01000e+02
1623	6.00507e+02	1.62300e+03	3.44748e-02	6.01500e+02
1624	6.00998e+02	1.62400e+03	3.44628e-02	6.02000e+02
1625	6.01491e+02	1.62500e+03	3.44552e-02	6.02500e+02
1626	6.01985e+02	1.62600e+03	3.44514e-02	6.03000e+02
1627	6.02473e+02	1.62700e+03	3.44500e-02	6.03500e+02
1628	6.02964e+02	1.62800e+03	3.44619e-02	6.04000e+02
1629	6.03474e+02	1.62900e+03	3.44706e-02	6.04500e+02
1630	6.03979e+02	1.63000e+03	3.44794e-02	6.05000e+02
1631	6.04477e+02	1.63100e+03	3.44883e-02	6.05500e+02
1632	6.04978e+02	1.63200e+03	3.44987e-02	6.06000e+02
1633	6.05476e+02	1.63300e+03	3.45013e-02	6.06500e+02
1634	6.05976e+02	1.63400e+03	3.44994e-02	6.07000e+02
1635	6.06478e+02	1.63500e+03	3.44952e-02	6.07500e+02
1636	6.06975e+02	1.63600e+03	3.44773e-02	6.08000e+02
1637	6.07470e+02	1.63700e+03	3.44649e-02	6.08500e+02
1638	6.07964e+02	1.63800e+03	3.44530e-02	6.09000e+02
1639	6.08462e+02	1.63900e+03	3.44410e-02	6.09500e+02
1640	6.08958e+02	1.64000e+03	3.44284e-02	6.10000e+02
1641	6.09474e+02	1.64100e+03	3.44193e-02	6.10500e+02
1642	6.09977e+02	1.64200e+03	3.44120e-02	6.11000e+02
1643	6.10471e+02	1.64300e+03	3.44053e-02	6.11500e+02
1644	6.10978e+02	1.64400e+03	3.44020e-02	6.12000e+02
1645	6.11484e+02	1.64500e+03	3.43953e-02	6.12500e+02
1646	6.11991e+02	1.64600e+03	3.43881e-02	6.13000e+02
1647	6.12494e+02	1.64700e+03	3.43818e-02	6.13500e+02
1648	6.13000e+02	1.64800e+03	3.43767e-02	6.14000e+02
1649	6.13505e+02	1.64900e+03	3.43753e-02	6.14500e+02
1650	6.14011e+02	1.65000e+03	3.43771e-02	6.15000e+02
1651	6.14509e+02	1.65100e+03	3.43812e-02	6.15500e+02
1652	6.15008e+02	1.65200e+03	3.43967e-02	6.16000e+02
1653	6.15510e+02	1.65300e+03	3.44080e-02	6.16500e+02
1654	6.16012e+02	1.65400e+03	3.44173e-02	6.17000e+02
1655	6.16509e+02	1.65500e+03	3.44255e-02	6.17500e+02
1656	6.17023e+02	1.65600e+03	3.44326e-02	6.18000e+02
1657	6.17524e+02	1.65700e+03	3.44352e-02	6.18500e+02
1658	6.18024e+02	1.65800e+03	3.44349e-02	6.19000e+02
1659	6.18529e+02	1.65900e+03	3.44330e-02	6.19500e+02
1660	6.19033e+02	1.66000e+03	3.44197e-02	6.20000e+02
1661	6.19518e+02	1.66100e+03	3.44113e-02	6.20500e+02
1662	6.20015e+02	1.66200e+03	3.44028e-02	6.21000e+02
1663	6.20523e+02	1.66300e+03	3.43938e-02	6.21500e+02
1664	6.21021e+02	1.66400e+03	3.43854e-02	6.22000e+02
1665	6.21513e+02	1.66500e+03	3.43797e-02	6.22500e+02
1666	6.22018e+02	1.66600e+03	3.43772e-02	6.23000e+02
1667	6.22525e+02	1.66700e+03	3.43776e-02	6.23500e+02
1668	6.23043e+02	1.66800e+03	3.43886e-02	6.24000e+02
1669	6.23539e+02	1.66900e+03	3.43986e-02	6.24500e+02
1670	6.24044e+02	1.67000e+03	3.44094e-02	6.25000e+02
1671	6.24567e+02	1.67100e+03	3.44210e-02	6.25500e+02
1672	6.25083e+02	1.67200e+03	3.44384e-02	6.26000e+02
1673	6.25629e+02	1.67300e+03	3.44481e-02	6.26500e+02
1674	6.26162e+02	1.67400e+03	3.44551e-02	6.27000e+02
1675	6.26687e+02	1.67500e+03	3.44611e-02	6.27500e+02
1676	6.27201e+02	1.67600e+03	3.44562e-02	6.28000e+02
1677	6.27703e+02	1.67700e+03	3.44539e-02	6.28500e+02
1678	6.28204e+02	1.67800e+03	3.44507e-02	6.29000e+02
1679	6.28702e+02	1.67900e+03	3.44462e-02	6.29500e+02
1680	6.29217e+02	1.68000e+03	3.44344e-02	6.30000e+02
1681	6.29749e+02	1.68100e+03	3.44232e-02	6.30500e+02
1682	6.30301e+02	1.68200e+03	3.44102e-02	6.31000e+02
1683	6.30849e+02	1.68300e+03	3.43961e-02	6.31500e+02
1684	6.31395e+02	1.68400e+03	3.43798e-02	6.32000e+02
1685	6.31957e+02	1.68500e+03	3.43678e-02	6.32500e+02
1686	6.32490e+02	1.68600e+03	3.43587e-02	6.33000e+02
1687	6.33046e+02	1.68700e+03	3.43514e-02	6.33500e+02
1688	6.33545e+02	1.68800e+03	3.43512e-02	6.34000e+02
1689	6.34067e+02	1.68900e+03	3.43495e-02	6.34500e+02
1690	6.34619e+02	1.69000e+03	3.43481e-02	6.35000e+02
1691	6.35885e+02	1.69100e+03	3.43473e-02	6.35500e+02
1692	6.38272e+02	1.69200e+03	3.43546e-02	6.36000e+02
1693	6.38617e+02	1.69300e+03	3.43619e-02	6.36500e+02
1694	6.38982e+02	1.69400e+03	3.43709e-02	6.37000e+02
1695	6.39360e+02	1.69500e+03	3.43813e-02	6.37500e+02
1696	6.39766e+02	1.69600e+03	3.43988e-02	6.38000e+02
1697	6.40192e+02	1.69700e+03	3.44130e-02	6.38500e+02
1698	6.40641e+02	1.69800e+03	3.44265e-02	6.39000e+02
1699	6.41097e+02	1.69900e+03	3.44398e-02	6.39500e+02
1700	6.41544e+02	1.70000e+03	3.44509e-02	6.40000e+02
1701	6.42022e+02	1.70100e+03	3.44590e-02	6.40500e+02
1702	6.42471e+02	1.70200e+03	3.44636e-02	6.41000e+02
1703	6.42940e+02	1.70300e+03	3.44654e-02	6.41500e+02
1704	6.43402e+02	1.70400e+03	3.44536e-02	6.42000e+02
1705	6.43893e+02	1.70500e+03	3.44434e-02	6.42500e+02
1706	6.44379e+02	1.70600e+03	3.44320e-02	6.43000e+02
1707	6.44865e+02	1.70700e+03	3.44201e-02	6.43500e+02
1708	6.45330e+02	1.70800e+03	3.44000e-02	6.44000e+02
1709	6.45813e+02	1.70900e+03	3.43862e-02	6.44500e+02
1710	6.46301e+02	1.71000e+03	3.43746e-02	6.45000e+02
1711	6.46777e+02	1.71100e+03	3.43637e-02	6.45500e+02
1712	6.47246e+02	1.71200e+03	3.43600e-02	6.46000e+02
1713	6.47710e+02	1.71300e+03	3.43551e-02	6.46500e+02
1714	6.48169e+02	1.71400e+03	3.43501e-02	6.47000e+02
1715	6.48628e+02	1.71500e+03	3.43447e-02	6.47500e+02
1716	6.49111e+02	1.71600e+03	3.43345e-02	6.48000e+02
1717	6.49582e+02	1.71700e+03	3.43148e-02	6.48500e+02
1718	6.50043e+02	1.71800e+03	3.42851e-02	6.49000e+02
1719	6.50523e+02	1.71900e+03	3.42486e-02	6.49500e+02
1720	6.51002e+02	1.72000e+03	3.41821e-02	6.50000e+02
1721	6.51492e+02	1.72100e+03	3.41262e-02	6.50500e+02
1722	6.51974e+02	1.72200e+03	3.40775e-02	6.51000e+02
1723	6.52457e+02	1.72300e+03	3.40343e-02	6.51500e+02
1724	6.52944e+02	1.72400e+03	3.40143e-02	6.52000e+02
1725	6.53419e+02	1.72500e+03	3.40189e-02	6.52500e+02
1726	6.53905e+02	1.72600e+03	3.40441e-02	6.53000e+02
1727	6.54386e+02	1.72700e+03	3.40820e-02	6.53500e+02
1728	6.54862e+02	1.72800e+03	3.42047e-02	6.54000e+02
1729	6.55354e+02	1.72900e+03	3.42987e-02	6.54500e+02
1730	6.55832e+02	1.73000e+03	3.43913e-02	6.55000e+02
1731	6.56310e+02	1.73100e+03	3.44862e-02	6.55500e+02
1732	6.56795e+02	1.73200e+03	3.45907e-02	6.56000e+02
1733	6.57280e+02	1.73300e+03	3.46711e-02	6.56500e+02
1734	6.57761e+02	1.73400e+03	3.47347e-02	6.57000e+02
1735	6.58245e+02	1.73500e+03	3.47875e-02	6.57500e+02
1736	6.58729e+02	1.73600e+03	3.47813e-02	6.58000e+02
1737	6.59210e+02	1.73700e+03	3.47814e-02	6.58500e+02
1738	6.59700e+02	1.73800e+03	3.47713e-02	6.59000e+02
1739	6.60193e+02	1.73900e+03	3.47527e-02	6.59500e+02
1740	6.60677e+02	1.74000e+03	3.46800e-02	6.60000e+02
1741	6.61169e+02	1.74100e+03	3.46263e-02	6.60500e+02
1742	6.61656e+02	1.74200e+03	3.45717e-02	6.61000e+02
1743	6.62146e+02	1.74300e+03	3.45139e-02	6.61500e+02
1744	6.62637e+02	1.74400e+03	3.44455e-02	6.62000e+02
1745	6.63138e+02	1.74500e+03	3.43871e-02	6.62500e+02
1746	6.63608e+02	1.74600e+03	3.43331e-02	6.63000e+02
1747	6.64105e+02	1.74700e+03	3.42815e-02	6.63500e+02
1748	6.64599e+02	1.74800e+03	3.42474e-02	6.64000e+02
1749	6.65090e+02	1.74900e+03	3.42164e-02	6.64500e+02
1750	6.65583e+02	1.75000e+03	3.41936e-02	6.65000e+02
1751	6.66074e+02	1.75100e+03	3.41773e-02	6.65500e+02
1752	6.66561e+02	1.75200e+03	3.41957e-02	6.66000e+02
1753	6.67047e+02	1.75300e+03	3.42100e-02	6.66500e+02
1754	6.67533e+02	1.75400e+03	3.42286e-02	6.67000e+02
1755	6.68023e+02	1.75500e+03	3.42509e-02	6.67500e+02
1756	6.68526e+02	1.75600e+03	3.42973e-02	6.68000e+02
1757	6.69016e+02	1.75700e+03	3.43284e-02	6.68500e+02
1758	6.69503e+02	1.75800e+03	3.43541e-02	6.69000e+02
1759	6.69994e+02	1.75900e+03	3.43773e-02	6.69500e+02
1760	6.70494e+02	1.76000e+03	3.43848e-02	6.70000e+02
1761	6.70990e+02	1.76100e+03	3.43898e-02	6.70500e+02
1762	6.71471e+02	1.76200e+03	3.43897e-02	6.71000e+02
1763	6.71961e+02	1.76300e+03	3.43860e-02	6.71500e+02
1764	6.72446e+02	1.76400e+03	3.43614e-02	6.72000e+02
1765	6.72939e+02	1.76500e+03	3.43468e-02	6.72500e+02
1766	6.73429e+02	1.76600e+03	3.43342e-02	6.73000e+02
1767	6.73911e+02	1.76700e+03	3.43216e-02	6.73500e+02
1768	6.74413e+02	1.76800e+03	3.43114e-02	6.74000e+02
1769	6.74908e+02	1.76900e+03	3.43035e-02	6.74500e+02
1770	6.75391e+02	1.77000e+03	3.42962e-02	6.75000e+02
1771	6.75876e+02	1.77100e+03	3.42889e-02	6.75500e+02
1772	6.76371e+02	1.77200e+03	3.42854e-02	6.76000e+02
1773	6.76847e+02	1.77300e+03	3.42772e-02	6.76500e+02
1774	6.77339e+02	1.77400e+03	3.42674e-02	6.77000e+02
1775	6.77820e+02	1.77500e+03	3.42573e-02	6.77500e+02
1776	6.78310e+02	1.77600e+03	3.42420e-02	6.78000e+02
1777	6.78792e+02	1.77700e+03	3.42306e-02	6.78500e+02
1778	6.79282e+02	1.77800e+03	3.42210e-02	6.79000e+02
1779	6.79760e+02	1.77900e+03	3.42124e-02	6.79500e+02
1780	6.80245e+02	1.78000e+03	3.42092e-02	6.80000e+02
1781	6.80728e+02	1.78100e+03	3.42042e-02	6.80500e+02
1782	6.81218e+02	1.78200e+03	3.41958e-02	6.81000e+02
1783	6.81716e+02	1.78300e+03	3.41840e-02	6.81500e+02
1784	6.82196e+02	1.78400e+03	3.41578e-02	6.82000e+02
1785	6.82675e+02	1.78500e+03	3.41221e-02	6.82500e+02
1786	6.83168e+02	1.78600e+03	3.40794e-02	6.83000e+02
1787	6.83644e+02	1.78700e+03	3.40337e-02	6.83500e+02
1788	6.84139e+02	1.78800e+03	3.39680e-02	6.84000e+02
1789	6.84620e+02	1.78900e+03	3.39288e-02	6.84500e+02
1790	6.85110e+02	1.79000e+03	3.39067e-02	6.85000e+02
1791	6.85592e+02	1.79100e+03	3.38952e-02	6.85500e+02
1792	6.86067e+02	1.79200e+03	3.39445e-02	6.86000e+02
1793	6.86531e+02	1.79300e+03	3.39938e-02	6.86500e+02
1794	6.86995e+02	1.79400e+03	3.40539e-02	6.87000e+02
1795	6.87148e+02	1.79500e+03	3.41223e-02	6.87500e+02
1796	6.87295e+02	1.79600e+03	3.42439e-02	6.88000e+02
1797	6.87592e+02	1.79700e+03	3.43317e-02	6.88500e+02
1798	6.87945e+02	1.79800e+03	3.44098e-02	6.89000e+02
1799	6.88306e+02	1.79900e+03	3.44835e-02	6.89500e+02
1800	6.88653e+02	1.80000e+03	3.45294e-02	6.90000e+02
1801	6.88991e+02	1.80100e+03	3.45715e-02	6.90500e+02
1802	6.89329e+02	1.80200e+03	3.46005e-02	6.91000e+02
1803	6.89643e+02	1.80300e+03	3.46193e-02	6.91500e+02
1804	6.89935e+02	1.80400e+03	3.45984e-02	6.92000e+02
1805	6.90239e+02	1.80500e+03	3.45870e-02	6.92500e+02
1806	6.90524e+02	1.80600e+03	3.45705e-02	6.93000e+02
1807	6.90806e+02	1.80700e+03	3.45493e-02	6.93500e+02
1808	6.91074e+02	1.80800e+03	3.45059e-02	6.94000e+02
1809	6.91325e+02	1.80900e+03	3.44733e-02	6.94500e+02
1810	6.91575e+02	1.81000e+03	3.44426e-02	6.95000e+02
1811	6.91830e+02	1.81100e+03	3.44125e-02	6.95500e+02
1812	6.92060e+02	1.81200e+03	3.43851e-02	6.96000e+02
1813	6.92297e+02	1.81300e+03	3.43611e-02	6.96500e+02
1814	6.92519e+02	1.81400e+03	3.43410e-02	6.97000e+02
1815	6.92740e+02	1.81500e+03	3.43241e-02	6.97500e+02
1816	6.92950e+02	1.81600e+03	3.43215e-02	6.98000e+02
1817	6.93165e+02	1.81700e+03	3.43177e-02	6.98500e+02
1818	6.93363e+02	1.81800e+03	3.43176e-02	6.99000e+02
1819	6.93559e+02	1.81900e+03	3.43207e-02	6.99500e+02
1820	6.93747e+02	1.82000e+03	3.43359e-02	7.00000e+02
