index	ts	t	weight	tr
[#]	[°C]	[s]	[mg]	[°C]
723	1.31453e+02	7.23000e+02	1.02512e+00	1.31000e+02
724	1.31792e+02	7.24000e+02	1.02509e+00	1.31333e+02
725	1.32122e+02	7.25000e+02	1.02506e+00	1.31667e+02
726	1.32458e+02	7.26000e+02	1.02504e+00	1.32000e+02
727	1.32793e+02	7.27000e+02	1.02502e+00	1.32333e+02
728	1.33131e+02	7.28000e+02	1.02500e+00	1.32667e+02
729	1.33466e+02	7.29000e+02	1.02498e+00	1.33000e+02
730	1.33803e+02	7.30000e+02	1.02496e+00	1.33333e+02
731	1.34143e+02	7.31000e+02	1.02495e+00	1.33667e+02
732	1.34465e+02	7.32000e+02	1.02493e+00	1.34000e+02
733	1.34814e+02	7.33000e+02	1.02492e+00	1.34333e+02
734	1.35150e+02	7.34000e+02	1.02491e+00	1.34667e+02
735	1.35486e+02	7.35000e+02	1.02490e+00	1.35000e+02
736	1.35821e+02	7.36000e+02	1.02489e+00	1.35333e+02
737	1.36150e+02	7.37000e+02	1.02488e+00	1.35667e+02
738	1.36492e+02	7.38000e+02	1.02486e+00	1.36000e+02
739	1.36829e+02	7.39000e+02	1.02485e+00	1.36333e+02
740	1.37173e+02	7.40000e+02	1.02484e+00	1.36667e+02
741	1.37504e+02	7.41000e+02	1.02482e+00	1.37000e+02
742	1.37846e+02	7.42000e+02	1.02480e+00	1.37333e+02
743	1.38182e+02	7.43000e+02	1.02479e+00	1.37667e+02
744	1.38523e+02	7.44000e+02	1.02477e+00	1.38000e+02
745	1.38863e+02	7.45000e+02	1.02475e+00	1.38333e+02
746	1.39188e+02	7.46000e+02	1.02473e+00	1.38667e+02
747	1.39535e+02	7.47000e+02	1.02471e+00	1.39000e+02
748	1.39863e+02	7.48000e+02	1.02468e+00	1.39333e+02
749	1.40205e+02	7.49000e+02	1.02465e+00	1.39667e+02
750	1.40550e+02	7.50000e+02	1.02463e+00	1.40000e+02
751	1.40887e+02	7.51000e+02	1.02460e+00	1.40333e+02
752	1.41213e+02	7.52000e+02	1.02457e+00	1.40667e+02
753	1.41554e+02	7.53000e+02	1.02454e+00	1.41000e+02
754	1.41894e+02	7.54000e+02	1.02452e+00	1.41333e+02
755	1.42225e+02	7.55000e+02	1.02449e+00	1.41667e+02
756	1.42555e+02	7.56000e+02	1.02447e+00	1.42000e+02
757	1.42888e+02	7.57000e+02	1.02445e+00	1.42333e+02
758	1.43249e+02	7.58000e+02	1.02443e+00	1.42667e+02
759	1.43574e+02	7.59000e+02	1.02441e+00	1.43000e+02
760	1.43910e+02	7.60000e+02	1.02439e+00	1.43333e+02
761	1.44240e+02	7.61000e+02	1.02438e+00	1.43667e+02
762	1.44585e+02	7.62000e+02	1.02436e+00	1.44000e+02
763	1.44932e+02	7.63000e+02	1.02434e+00	1.44333e+02
764	1.45268e+02	7.64000e+02	1.02433e+00	1.44667e+02
765	1.45605e+02	7.65000e+02	1.02431e+00	1.45000e+02
766	1.45927e+02	7.66000e+02	1.02429e+00	1.45333e+02
767	1.46274e+02	7.67000e+02	1.02427e+00	1.45667e+02
768	1.46616e+02	7.68000e+02	1.02424e+00	1.46000e+02
769	1.46942e+02	7.69000e+02	1.02421e+00	1.46333e+02
770	1.47295e+02	7.70000e+02	1.02417e+00	1.46667e+02
771	1.47627e+02	7.71000e+02	1.02413e+00	1.47000e+02
772	1.47964e+02	7.72000e+02	1.02408e+00	1.47333e+02
773	1.48300e+02	7.73000e+02	1.02403e+00	1.47667e+02
774	1.48635e+02	7.74000e+02	1.02398e+00	1.48000e+02
775	1.48980e+02	7.75000e+02	1.02393e+00	1.48333e+02
776	1.49313e+02	7.76000e+02	1.02388e+00	1.48667e+02
777	1.49647e+02	7.77000e+02	1.02383e+00	1.49000e+02
778	1.50002e+02	7.78000e+02	1.02377e+00	1.49333e+02
779	1.50326e+02	7.79000e+02	1.02372e+00	1.49667e+02
780	1.50660e+02	7.80000e+02	1.02367e+00	1.50000e+02
781	1.50996e+02	7.81000e+02	1.02361e+00	1.50333e+02
782	1.51340e+02	7.82000e+02	1.02356e+00	1.50667e+02
783	1.51686e+02	7.83000e+02	1.02350e+00	1.51000e+02
784	1.52018e+02	7.84000e+02	1.02344e+00	1.51333e+02
785	1.52354e+02	7.85000e+02	1.02339e+00	1.51667e+02
786	1.52692e+02	7.86000e+02	1.02333e+00	1.52000e+02
787	1.53033e+02	7.87000e+02	1.02327e+00	1.52333e+02
788	1.53360e+02	7.88000e+02	1.02321e+00	1.52667e+02
789	1.53699e+02	7.89000e+02	1.02316e+00	1.53000e+02
790	1.54032e+02	7.90000e+02	1.02310e+00	1.53333e+02
791	1.54389e+02	7.91000e+02	1.02304e+00	1.53667e+02
792	1.54705e+02	7.92000e+02	1.02298e+00	1.54000e+02
793	1.55045e+02	7.93000e+02	1.02293e+00	1.54333e+02
794	1.55382e+02	7.94000e+02	1.02287e+00	1.54667e+02
795	1.55728e+02	7.95000e+02	1.02282e+00	1.55000e+02
796	1.56066e+02	7.96000e+02	1.02277e+00	1.55333e+02
797	1.56399e+02	7.97000e+02	1.02272e+00	1.55667e+02
798	1.56744e+02	7.98000e+02	1.02267e+00	1.56000e+02
799	1.57078e+02	7.99000e+02	1.02262e+00	1.56333e+02
800	1.57417e+02	8.00000e+02	1.02257e+00	1.56667e+02
801	1.57756e+02	8.01000e+02	1.02252e+00	1.57000e+02
802	1.58067e+02	8.02000e+02	1.02247e+00	1.57333e+02
803	1.58415e+02	8.03000e+02	1.02242e+00	1.57667e+02
804	1.58760e+02	8.04000e+02	1.02236e+00	1.58000e+02
805	1.59103e+02	8.05000e+02	1.02231e+00	1.58333e+02
806	1.59428e+02	8.06000e+02	1.02226e+00	1.58667e+02
807	1.59767e+02	8.07000e+02	1.02220e+00	1.59000e+02
808	1.60115e+02	8.08000e+02	1.02214e+00	1.59333e+02
809	1.60443e+02	8.09000e+02	1.02208e+00	1.59667e+02
810	1.60784e+02	8.10000e+02	1.02203e+00	1.60000e+02
811	1.61106e+02	8.11000e+02	1.02197e+00	1.60333e+02
812	1.61472e+02	8.12000e+02	1.02192e+00	1.60667e+02
813	1.61795e+02	8.13000e+02	1.02186e+00	1.61000e+02
814	1.62131e+02	8.14000e+02	1.02180e+00	1.61333e+02
815	1.62466e+02	8.15000e+02	1.02174e+00	1.61667e+02
816	1.62810e+02	8.16000e+02	1.02168e+00	1.62000e+02
817	1.63140e+02	8.17000e+02	1.02162e+00	1.62333e+02
818	1.63475e+02	8.18000e+02	1.02157e+00	1.62667e+02
819	1.63824e+02	8.19000e+02	1.02151e+00	1.63000e+02
820	1.64156e+02	8.20000e+02	1.02145e+00	1.63333e+02
821	1.64494e+02	8.21000e+02	1.02139e+00	1.63667e+02
822	1.64830e+02	8.22000e+02	1.02134e+00	1.64000e+02
823	1.65180e+02	8.23000e+02	1.02128e+00	1.64333e+02
824	1.65526e+02	8.24000e+02	1.02122e+00	1.64667e+02
825	1.65859e+02	8.25000e+02	1.02115e+00	1.65000e+02
826	1.66203e+02	8.26000e+02	1.02109e+00	1.65333e+02
827	1.66544e+02	8.27000e+02	1.02103e+00	1.65667e+02
828	1.66863e+02	8.28000e+02	1.02096e+00	1.66000e+02
829	1.67198e+02	8.29000e+02	1.02089e+00	1.66333e+02
830	1.67536e+02	8.30000e+02	1.02082e+00	1.66667e+02
831	1.67874e+02	8.31000e+02	1.02074e+00	1.67000e+02
832	1.68228e+02	8.32000e+02	1.02066e+00	1.67333e+02
833	1.68561e+02	8.33000e+02	1.02057e+00	1.67667e+02
834	1.68901e+02	8.34000e+02	1.02048e+00	1.68000e+02
835	1.69233e+02	8.35000e+02	1.02038e+00	1.68333e+02
836	1.69567e+02	8.36000e+02	1.02026e+00	1.68667e+02
837	1.69908e+02	8.37000e+02	1.02015e+00	1.69000e+02
838	1.70234e+02	8.38000e+02	1.02004e+00	1.69333e+02
839	1.70581e+02	8.39000e+02	1.01993e+00	1.69667e+02
840	1.70922e+02	8.40000e+02	1.01983e+00	1.70000e+02
841	1.71259e+02	8.41000e+02	1.01972e+00	1.70333e+02
842	1.71586e+02	8.42000e+02	1.01961e+00	1.70667e+02
843	1.71933e+02	8.43000e+02	1.01949e+00	1.71000e+02
844	1.72270e+02	8.44000e+02	1.01937e+00	1.71333e+02
845	1.72613e+02	8.45000e+02	1.01925e+00	1.71667e+02
846	1.72947e+02	8.46000e+02	1.01912e+00	1.72000e+02
847	1.73279e+02	8.47000e+02	1.01899e+00	1.72333e+02
848	1.73617e+02	8.48000e+02	1.01883e+00	1.72667e+02
849	1.73958e+02	8.49000e+02	1.01868e+00	1.73000e+02
850	1.74297e+02	8.50000e+02	1.01853e+00	1.73333e+02
851	1.74634e+02	8.51000e+02	1.01837e+00	1.73667e+02
852	1.74963e+02	8.52000e+02	1.01820e+00	1.74000e+02
853	1.75308e+02	8.53000e+02	1.01803e+00	1.74333e+02
854	1.75638e+02	8.54000e+02	1.01785e+00	1.74667e+02
855	1.75974e+02	8.55000e+02	1.01768e+00	1.75000e+02
856	1.76312e+02	8.56000e+02	1.01748e+00	1.75333e+02
857	1.76656e+02	8.57000e+02	1.01730e+00	1.75667e+02
858	1.76986e+02	8.58000e+02	1.01711e+00	1.76000e+02
859	1.77327e+02	8.59000e+02	1.01692e+00	1.76333e+02
860	1.77670e+02	8.60000e+02	1.01671e+00	1.76667e+02
861	1.78006e+02	8.61000e+02	1.01650e+00	1.77000e+02
862	1.78341e+02	8.62000e+02	1.01629e+00	1.77333e+02
863	1.78684e+02	8.63000e+02	1.01607e+00	1.77667e+02
864	1.79025e+02	8.64000e+02	1.01583e+00	1.78000e+02
865	1.79359e+02	8.65000e+02	1.01558e+00	1.78333e+02
866	1.79695e+02	8.66000e+02	1.01533e+00	1.78667e+02
867	1.80038e+02	8.67000e+02	1.01507e+00	1.79000e+02
868	1.80376e+02	8.68000e+02	1.01478e+00	1.79333e+02
869	1.80703e+02	8.69000e+02	1.01450e+00	1.79667e+02
870	1.81041e+02	8.70000e+02	1.01421e+00	1.80000e+02
871	1.81380e+02	8.71000e+02	1.01393e+00	1.80333e+02
872	1.81716e+02	8.72000e+02	1.01362e+00	1.80667e+02
873	1.82044e+02	8.73000e+02	1.01332e+00	1.81000e+02
874	1.82384e+02	8.74000e+02	1.01302e+00	1.81333e+02
875	1.82730e+02	8.75000e+02	1.01271e+00	1.81667e+02
876	1.83067e+02	8.76000e+02	1.01239e+00	1.82000e+02
877	1.83403e+02	8.77000e+02	1.01207e+00	1.82333e+02
878	1.83735e+02	8.78000e+02	1.01174e+00	1.82667e+02
879	1.84078e+02	8.79000e+02	1.01141e+00	1.83000e+02
880	1.84409e+02	8.80000e+02	1.01106e+00	1.83333e+02
881	1.84740e+02	8.81000e+02	1.01072e+00	1.83667e+02
882	1.85086e+02	8.82000e+02	1.01038e+00	1.84000e+02
883	1.85420e+02	8.83000e+02	1.01003e+00	1.84333e+02
884	1.85754e+02	8.84000e+02	1.00969e+00	1.84667e+02
885	1.86097e+02	8.85000e+02	1.00934e+00	1.85000e+02
886	1.86432e+02	8.86000e+02	1.00899e+00	1.85333e+02
887	1.86764e+02	8.87000e+02	1.00863e+00	1.85667e+02
888	1.87112e+02	8.88000e+02	1.00827e+00	1.86000e+02
889	1.87445e+02	8.89000e+02	1.00790e+00	1.86333e+02
890	1.87789e+02	8.90000e+02	1.00753e+00	1.86667e+02
891	1.88122e+02	8.91000e+02	1.00715e+00	1.87000e+02
892	1.88456e+02	8.92000e+02	1.00676e+00	1.87333e+02
893	1.88801e+02	8.93000e+02	1.00637e+00	1.87667e+02
894	1.89143e+02	8.94000e+02	1.00599e+00	1.88000e+02
895	1.89476e+02	8.95000e+02	1.00560e+00	1.88333e+02
896	1.89815e+02	8.96000e+02	1.00522e+00	1.88667e+02
897	1.90151e+02	8.97000e+02	1.00484e+00	1.89000e+02
898	1.90481e+02	8.98000e+02	1.00445e+00	1.89333e+02
899	1.90827e+02	8.99000e+02	1.00407e+00	1.89667e+02
900	1.91179e+02	9.00000e+02	1.00369e+00	1.90000e+02
901	1.91508e+02	9.01000e+02	1.00330e+00	1.90333e+02
902	1.91851e+02	9.02000e+02	1.00293e+00	1.90667e+02
903	1.92190e+02	9.03000e+02	1.00255e+00	1.91000e+02
904	1.92527e+02	9.04000e+02	1.00219e+00	1.91333e+02
905	1.92861e+02	9.05000e+02	1.00182e+00	1.91667e+02
906	1.93205e+02	9.06000e+02	1.00146e+00	1.92000e+02
907	1.93554e+02	9.07000e+02	1.00110e+00	1.92333e+02
908	1.93896e+02	9.08000e+02	1.00074e+00	1.92667e+02
909	1.94224e+02	9.09000e+02	1.00038e+00	1.93000e+02
910	1.94577e+02	9.10000e+02	1.00002e+00	1.93333e+02
911	1.94908e+02	9.11000e+02	9.99663e-01	1.93667e+02
912	1.95246e+02	9.12000e+02	9.99306e-01	1.94000e+02
913	1.95591e+02	9.13000e+02	9.98954e-01	1.94333e+02
914	1.95923e+02	9.14000e+02	9.98607e-01	1.94667e+02
915	1.96272e+02	9.15000e+02	9.98263e-01	1.95000e+02
916	1.96592e+02	9.16000e+02	9.97941e-01	1.95333e+02
917	1.96938e+02	9.17000e+02	9.97621e-01	1.95667e+02
918	1.97285e+02	9.18000e+02	9.97306e-01	1.96000e+02
919	1.97620e+02	9.19000e+02	9.96996e-01	1.96333e+02
920	1.97957e+02	9.20000e+02	9.96712e-01	1.96667e+02
921	1.98307e+02	9.21000e+02	9.96421e-01	1.97000e+02
922	1.98643e+02	9.22000e+02	9.96130e-01	1.97333e+02
923	1.98980e+02	9.23000e+02	9.95841e-01	1.97667e+02
924	1.99337e+02	9.24000e+02	9.95563e-01	1.98000e+02
925	1.99690e+02	9.25000e+02	9.95282e-01	1.98333e+02
926	2.00049e+02	9.26000e+02	9.95003e-01	1.98667e+02
927	2.00391e+02	9.27000e+02	9.94724e-01	1.99000e+02
928	2.00745e+02	9.28000e+02	9.94452e-01	1.99333e+02
929	2.01100e+02	9.29000e+02	9.94184e-01	1.99667e+02
930	2.01462e+02	9.30000e+02	9.93922e-01	2.00000e+02
931	2.01818e+02	9.31000e+02	9.93668e-01	2.00333e+02
932	2.02149e+02	9.32000e+02	9.93440e-01	2.00667e+02
933	2.02479e+02	9.33000e+02	9.93211e-01	2.01000e+02
934	2.02824e+02	9.34000e+02	9.92985e-01	2.01333e+02
935	2.03159e+02	9.35000e+02	9.92764e-01	2.01667e+02
936	2.03488e+02	9.36000e+02	9.92574e-01	2.02000e+02
937	2.03815e+02	9.37000e+02	9.92374e-01	2.02333e+02
938	2.04153e+02	9.38000e+02	9.92176e-01	2.02667e+02
939	2.04486e+02	9.39000e+02	9.91980e-01	2.03000e+02
940	2.04821e+02	9.40000e+02	9.91796e-01	2.03333e+02
941	2.05154e+02	9.41000e+02	9.91612e-01	2.03667e+02
942	2.05486e+02	9.42000e+02	9.91434e-01	2.04000e+02
943	2.05814e+02	9.43000e+02	9.91260e-01	2.04333e+02
944	2.06137e+02	9.44000e+02	9.91100e-01	2.04667e+02
945	2.06484e+02	9.45000e+02	9.90939e-01	2.05000e+02
946	2.06811e+02	9.46000e+02	9.90783e-01	2.05333e+02
947	2.07154e+02	9.47000e+02	9.90631e-01	2.05667e+02
948	2.07480e+02	9.48000e+02	9.90498e-01	2.06000e+02
949	2.07822e+02	9.49000e+02	9.90363e-01	2.06333e+02
950	2.08156e+02	9.50000e+02	9.90233e-01	2.06667e+02
951	2.08491e+02	9.51000e+02	9.90107e-01	2.07000e+02
952	2.08835e+02	9.52000e+02	9.90001e-01	2.07333e+02
953	2.09165e+02	9.53000e+02	9.89890e-01	2.07667e+02
954	2.09495e+02	9.54000e+02	9.89781e-01	2.08000e+02
955	2.09826e+02	9.55000e+02	9.89677e-01	2.08333e+02
956	2.10158e+02	9.56000e+02	9.89586e-01	2.08667e+02
957	2.10495e+02	9.57000e+02	9.89493e-01	2.09000e+02
958	2.10826e+02	9.58000e+02	9.89402e-01	2.09333e+02
959	2.11155e+02	9.59000e+02	9.89311e-01	2.09667e+02
960	2.11510e+02	9.60000e+02	9.89233e-01	2.10000e+02
961	2.11841e+02	9.61000e+02	9.89154e-01	2.10333e+02
962	2.12174e+02	9.62000e+02	9.89074e-01	2.10667e+02
963	2.12502e+02	9.63000e+02	9.88993e-01	2.11000e+02
964	2.12835e+02	9.64000e+02	9.88908e-01	2.11333e+02
965	2.13177e+02	9.65000e+02	9.88816e-01	2.11667e+02
966	2.13518e+02	9.66000e+02	9.88720e-01	2.12000e+02
967	2.13844e+02	9.67000e+02	9.88621e-01	2.12333e+02
968	2.14184e+02	9.68000e+02	9.88509e-01	2.12667e+02
969	2.14524e+02	9.69000e+02	9.88411e-01	2.13000e+02
970	2.14853e+02	9.70000e+02	9.88322e-01	2.13333e+02
971	2.15188e+02	9.71000e+02	9.88240e-01	2.13667e+02
972	2.15521e+02	9.72000e+02	9.88181e-01	2.14000e+02
973	2.15864e+02	9.73000e+02	9.88122e-01	2.14333e+02
974	2.16200e+02	9.74000e+02	9.88068e-01	2.14667e+02
975	2.16535e+02	9.75000e+02	9.88016e-01	2.15000e+02
976	2.16889e+02	9.76000e+02	9.87986e-01	2.15333e+02
977	2.17222e+02	9.77000e+02	9.87941e-01	2.15667e+02
978	2.17554e+02	9.78000e+02	9.87890e-01	2.16000e+02
979	2.17887e+02	9.79000e+02	9.87839e-01	2.16333e+02
980	2.18223e+02	9.80000e+02	9.87776e-01	2.16667e+02
981	2.18556e+02	9.81000e+02	9.87714e-01	2.17000e+02
982	2.18897e+02	9.82000e+02	9.87647e-01	2.17333e+02
983	2.19241e+02	9.83000e+02	9.87578e-01	2.17667e+02
984	2.19569e+02	9.84000e+02	9.87491e-01	2.18000e+02
985	2.19918e+02	9.85000e+02	9.87406e-01	2.18333e+02
986	2.20255e+02	9.86000e+02	9.87321e-01	2.18667e+02
987	2.20596e+02	9.87000e+02	9.87237e-01	2.19000e+02
988	2.20943e+02	9.88000e+02	9.87149e-01	2.19333e+02
989	2.21275e+02	9.89000e+02	9.87071e-01	2.19667e+02
990	2.21619e+02	9.90000e+02	9.86999e-01	2.20000e+02
991	2.21967e+02	9.91000e+02	9.86931e-01	2.20333e+02
992	2.22315e+02	9.92000e+02	9.86886e-01	2.20667e+02
993	2.22658e+02	9.93000e+02	9.86833e-01	2.21000e+02
994	2.22991e+02	9.94000e+02	9.86778e-01	2.21333e+02
995	2.23323e+02	9.95000e+02	9.86721e-01	2.21667e+02
996	2.23658e+02	9.96000e+02	9.86660e-01	2.22000e+02
997	2.24000e+02	9.97000e+02	9.86589e-01	2.22333e+02
998	2.24343e+02	9.98000e+02	9.86510e-01	2.22667e+02
999	2.24675e+02	9.99000e+02	9.86428e-01	2.23000e+02
1000	2.25021e+02	1.00000e+03	9.86319e-01	2.23333e+02
1001	2.25359e+02	1.00100e+03	9.86221e-01	2.23667e+02
1002	2.25701e+02	1.00200e+03	9.86122e-01	2.24000e+02
1003	2.26030e+02	1.00300e+03	9.86023e-01	2.24333e+02
1004	2.26378e+02	1.00400e+03	9.85920e-01	2.24667e+02
1005	2.26723e+02	1.00500e+03	9.85822e-01	2.25000e+02
1006	2.27054e+02	1.00600e+03	9.85725e-01	2.25333e+02
1007	2.27393e+02	1.00700e+03	9.85630e-01	2.25667e+02
1008	2.27732e+02	1.00800e+03	9.85535e-01	2.26000e+02
1009	2.28067e+02	1.00900e+03	9.85434e-01	2.26333e+02
1010	2.28408e+02	1.01000e+03	9.85330e-01	2.26667e+02
1011	2.28741e+02	1.01100e+03	9.85226e-01	2.27000e+02
1012	2.29085e+02	1.01200e+03	9.85116e-01	2.27333e+02
1013	2.29414e+02	1.01300e+03	9.85014e-01	2.27667e+02
1014	2.29751e+02	1.01400e+03	9.84919e-01	2.28000e+02
1015	2.30081e+02	1.01500e+03	9.84829e-01	2.28333e+02
1016	2.30417e+02	1.01600e+03	9.84758e-01	2.28667e+02
1017	2.30755e+02	1.01700e+03	9.84689e-01	2.29000e+02
1018	2.31099e+02	1.01800e+03	9.84625e-01	2.29333e+02
1019	2.31444e+02	1.01900e+03	9.84565e-01	2.29667e+02
1020	2.31774e+02	1.02000e+03	9.84529e-01	2.30000e+02
1021	2.32110e+02	1.02100e+03	9.84480e-01	2.30333e+02
1022	2.32445e+02	1.02200e+03	9.84424e-01	2.30667e+02
1023	2.32776e+02	1.02300e+03	9.84366e-01	2.31000e+02
1024	2.33108e+02	1.02400e+03	9.84295e-01	2.31333e+02
1025	2.33448e+02	1.02500e+03	9.84220e-01	2.31667e+02
1026	2.33788e+02	1.02600e+03	9.84140e-01	2.32000e+02
1027	2.34127e+02	1.02700e+03	9.84058e-01	2.32333e+02
1028	2.34457e+02	1.02800e+03	9.83960e-01	2.32667e+02
1029	2.34793e+02	1.02900e+03	9.83875e-01	2.33000e+02
1030	2.35142e+02	1.03000e+03	9.83794e-01	2.33333e+02
1031	2.35476e+02	1.03100e+03	9.83715e-01	2.33667e+02
1032	2.35806e+02	1.03200e+03	9.83648e-01	2.34000e+02
1033	2.36155e+02	1.03300e+03	9.83580e-01	2.34333e+02
1034	2.36496e+02	1.03400e+03	9.83515e-01	2.34667e+02
1035	2.36829e+02	1.03500e+03	9.83451e-01	2.35000e+02
1036	2.37172e+02	1.03600e+03	9.83401e-01	2.35333e+02
1037	2.37515e+02	1.03700e+03	9.83348e-01	2.35667e+02
1038	2.37853e+02	1.03800e+03	9.83297e-01	2.36000e+02
1039	2.38181e+02	1.03900e+03	9.83246e-01	2.36333e+02
1040	2.38534e+02	1.04000e+03	9.83201e-01	2.36667e+02
1041	2.38870e+02	1.04100e+03	9.83152e-01	2.37000e+02
1042	2.39201e+02	1.04200e+03	9.83103e-01	2.37333e+02
1043	2.39539e+02	1.04300e+03	9.83054e-01	2.37667e+02
1044	2.39867e+02	1.04400e+03	9.83002e-01	2.38000e+02
1045	2.40214e+02	1.04500e+03	9.82949e-01	2.38333e+02
1046	2.40539e+02	1.04600e+03	9.82896e-01	2.38667e+02
1047	2.40875e+02	1.04700e+03	9.82843e-01	2.39000e+02
1048	2.41208e+02	1.04800e+03	9.82789e-01	2.39333e+02
1049	2.41552e+02	1.04900e+03	9.82739e-01	2.39667e+02
1050	2.41879e+02	1.05000e+03	9.82692e-01	2.40000e+02
1051	2.42229e+02	1.05100e+03	9.82647e-01	2.40333e+02
1052	2.42555e+02	1.05200e+03	9.82609e-01	2.40667e+02
1053	2.42885e+02	1.05300e+03	9.82568e-01	2.41000e+02
1054	2.43236e+02	1.05400e+03	9.82527e-01	2.41333e+02
1055	2.43580e+02	1.05500e+03	9.82486e-01	2.41667e+02
1056	2.43905e+02	1.05600e+03	9.82448e-01	2.42000e+02
1057	2.44234e+02	1.05700e+03	9.82406e-01	2.42333e+02
1058	2.44571e+02	1.05800e+03	9.82362e-01	2.42667e+02
1059	2.44905e+02	1.05900e+03	9.82317e-01	2.43000e+02
1060	2.45249e+02	1.06000e+03	9.82265e-01	2.43333e+02
1061	2.45569e+02	1.06100e+03	9.82214e-01	2.43667e+02
1062	2.45910e+02	1.06200e+03	9.82163e-01	2.44000e+02
1063	2.46253e+02	1.06300e+03	9.82113e-01	2.44333e+02
1064	2.46565e+02	1.06400e+03	9.82063e-01	2.44667e+02
1065	2.46907e+02	1.06500e+03	9.82019e-01	2.45000e+02
1066	2.47238e+02	1.06600e+03	9.81980e-01	2.45333e+02
1067	2.47569e+02	1.06700e+03	9.81943e-01	2.45667e+02
1068	2.47899e+02	1.06800e+03	9.81921e-01	2.46000e+02
1069	2.48225e+02	1.06900e+03	9.81894e-01	2.46333e+02
1070	2.48555e+02	1.07000e+03	9.81864e-01	2.46667e+02
1071	2.48893e+02	1.07100e+03	9.81834e-01	2.47000e+02
1072	2.49226e+02	1.07200e+03	9.81802e-01	2.47333e+02
1073	2.49566e+02	1.07300e+03	9.81765e-01	2.47667e+02
1074	2.49896e+02	1.07400e+03	9.81724e-01	2.48000e+02
1075	2.50233e+02	1.07500e+03	9.81680e-01	2.48333e+02
1076	2.50575e+02	1.07600e+03	9.81620e-01	2.48667e+02
1077	2.50901e+02	1.07700e+03	9.81566e-01	2.49000e+02
1078	2.51241e+02	1.07800e+03	9.81511e-01	2.49333e+02
1079	2.51576e+02	1.07900e+03	9.81456e-01	2.49667e+02
1080	2.51906e+02	1.08000e+03	9.81396e-01	2.50000e+02
1081	2.52244e+02	1.08100e+03	9.81341e-01	2.50333e+02
1082	2.52582e+02	1.08200e+03	9.81289e-01	2.50667e+02
1083	2.52911e+02	1.08300e+03	9.81238e-01	2.51000e+02
1084	2.53247e+02	1.08400e+03	9.81192e-01	2.51333e+02
1085	2.53583e+02	1.08500e+03	9.81145e-01	2.51667e+02
1086	2.53910e+02	1.08600e+03	9.81098e-01	2.52000e+02
1087	2.54239e+02	1.08700e+03	9.81049e-01	2.52333e+02
1088	2.54590e+02	1.08800e+03	9.81000e-01	2.52667e+02
1089	2.54921e+02	1.08900e+03	9.80949e-01	2.53000e+02
1090	2.55266e+02	1.09000e+03	9.80898e-01	2.53333e+02
1091	2.55598e+02	1.09100e+03	9.80848e-01	2.53667e+02
1092	2.55926e+02	1.09200e+03	9.80799e-01	2.54000e+02
1093	2.56273e+02	1.09300e+03	9.80755e-01	2.54333e+02
1094	2.56610e+02	1.09400e+03	9.80714e-01	2.54667e+02
1095	2.56943e+02	1.09500e+03	9.80674e-01	2.55000e+02
1096	2.57287e+02	1.09600e+03	9.80641e-01	2.55333e+02
1097	2.57629e+02	1.09700e+03	9.80602e-01	2.55667e+02
1098	2.57954e+02	1.09800e+03	9.80561e-01	2.56000e+02
1099	2.58288e+02	1.09900e+03	9.80521e-01	2.56333e+02
1100	2.58629e+02	1.10000e+03	9.80479e-01	2.56667e+02
1101	2.58957e+02	1.10100e+03	9.80443e-01	2.57000e+02
1102	2.59291e+02	1.10200e+03	9.80410e-01	2.57333e+02
1103	2.59617e+02	1.10300e+03	9.80378e-01	2.57667e+02
1104	2.59973e+02	1.10400e+03	9.80352e-01	2.58000e+02
1105	2.60304e+02	1.10500e+03	9.80319e-01	2.58333e+02
1106	2.60649e+02	1.10600e+03	9.80283e-01	2.58667e+02
1107	2.60978e+02	1.10700e+03	9.80245e-01	2.59000e+02
1108	2.61319e+02	1.10800e+03	9.80195e-01	2.59333e+02
1109	2.61642e+02	1.10900e+03	9.80144e-01	2.59667e+02
1110	2.61992e+02	1.11000e+03	9.80090e-01	2.60000e+02
1111	2.62313e+02	1.11100e+03	9.80034e-01	2.60333e+02
1112	2.62655e+02	1.11200e+03	9.79963e-01	2.60667e+02
1113	2.62994e+02	1.11300e+03	9.79898e-01	2.61000e+02
1114	2.63326e+02	1.11400e+03	9.79835e-01	2.61333e+02
1115	2.63660e+02	1.11500e+03	9.79772e-01	2.61667e+02
1116	2.63994e+02	1.11600e+03	9.79711e-01	2.62000e+02
1117	2.64332e+02	1.11700e+03	9.79652e-01	2.62333e+02
1118	2.64668e+02	1.11800e+03	9.79595e-01	2.62667e+02
1119	2.65004e+02	1.11900e+03	9.79539e-01	2.63000e+02
1120	2.65337e+02	1.12000e+03	9.79490e-01	2.63333e+02
1121	2.65682e+02	1.12100e+03	9.79436e-01	2.63667e+02
1122	2.66021e+02	1.12200e+03	9.79381e-01	2.64000e+02
1123	2.66354e+02	1.12300e+03	9.79326e-01	2.64333e+02
1124	2.66680e+02	1.12400e+03	9.79272e-01	2.64667e+02
1125	2.67024e+02	1.12500e+03	9.79222e-01	2.65000e+02
1126	2.67361e+02	1.12600e+03	9.79176e-01	2.65333e+02
1127	2.67692e+02	1.12700e+03	9.79131e-01	2.65667e+02
1128	2.68029e+02	1.12800e+03	9.79094e-01	2.66000e+02
1129	2.68364e+02	1.12900e+03	9.79053e-01	2.66333e+02
1130	2.68699e+02	1.13000e+03	9.79011e-01	2.66667e+02
1131	2.69036e+02	1.13100e+03	9.78969e-01	2.67000e+02
1132	2.69362e+02	1.13200e+03	9.78925e-01	2.67333e+02
1133	2.69701e+02	1.13300e+03	9.78878e-01	2.67667e+02
1134	2.70030e+02	1.13400e+03	9.78829e-01	2.68000e+02
1135	2.70383e+02	1.13500e+03	9.78781e-01	2.68333e+02
1136	2.70717e+02	1.13600e+03	9.78726e-01	2.68667e+02
1137	2.71052e+02	1.13700e+03	9.78676e-01	2.69000e+02
1138	2.71387e+02	1.13800e+03	9.78625e-01	2.69333e+02
1139	2.71721e+02	1.13900e+03	9.78574e-01	2.69667e+02
1140	2.72050e+02	1.14000e+03	9.78519e-01	2.70000e+02
1141	2.72386e+02	1.14100e+03	9.78459e-01	2.70333e+02
1142	2.72719e+02	1.14200e+03	9.78394e-01	2.70667e+02
1143	2.73055e+02	1.14300e+03	9.78328e-01	2.71000e+02
1144	2.73395e+02	1.14400e+03	9.78251e-01	2.71333e+02
1145	2.73727e+02	1.14500e+03	9.78180e-01	2.71667e+02
1146	2.74066e+02	1.14600e+03	9.78111e-01	2.72000e+02
1147	2.74404e+02	1.14700e+03	9.78041e-01	2.72333e+02
1148	2.74740e+02	1.14800e+03	9.77967e-01	2.72667e+02
1149	2.75086e+02	1.14900e+03	9.77888e-01	2.73000e+02
1150	2.75420e+02	1.15000e+03	9.77805e-01	2.73333e+02
1151	2.75753e+02	1.15100e+03	9.77719e-01	2.73667e+02
1152	2.76086e+02	1.15200e+03	9.77616e-01	2.74000e+02
1153	2.76421e+02	1.15300e+03	9.77514e-01	2.74333e+02
1154	2.76762e+02	1.15400e+03	9.77410e-01	2.74667e+02
1155	2.77095e+02	1.15500e+03	9.77306e-01	2.75000e+02
1156	2.77430e+02	1.15600e+03	9.77189e-01	2.75333e+02
1157	2.77764e+02	1.15700e+03	9.77078e-01	2.75667e+02
1158	2.78097e+02	1.15800e+03	9.76967e-01	2.76000e+02
1159	2.78431e+02	1.15900e+03	9.76857e-01	2.76333e+02
1160	2.78762e+02	1.16000e+03	9.76745e-01	2.76667e+02
1161	2.79105e+02	1.16100e+03	9.76632e-01	2.77000e+02
1162	2.79426e+02	1.16200e+03	9.76518e-01	2.77333e+02
1163	2.79776e+02	1.16300e+03	9.76401e-01	2.77667e+02
1164	2.80100e+02	1.16400e+03	9.76273e-01	2.78000e+02
1165	2.80426e+02	1.16500e+03	9.76144e-01	2.78333e+02
1166	2.80766e+02	1.16600e+03	9.76012e-01	2.78667e+02
1167	2.81101e+02	1.16700e+03	9.75876e-01	2.79000e+02
1168	2.81428e+02	1.16800e+03	9.75726e-01	2.79333e+02
1169	2.81761e+02	1.16900e+03	9.75581e-01	2.79667e+02
1170	2.82092e+02	1.17000e+03	9.75435e-01	2.80000e+02
1171	2.82424e+02	1.17100e+03	9.75287e-01	2.80333e+02
1172	2.82754e+02	1.17200e+03	9.75139e-01	2.80667e+02
1173	2.83085e+02	1.17300e+03	9.74996e-01	2.81000e+02
1174	2.83431e+02	1.17400e+03	9.74855e-01	2.81333e+02
1175	2.83744e+02	1.17500e+03	9.74713e-01	2.81667e+02
1176	2.84091e+02	1.17600e+03	9.74576e-01	2.82000e+02
1177	2.84419e+02	1.17700e+03	9.74434e-01	2.82333e+02
1178	2.84737e+02	1.17800e+03	9.74290e-01	2.82667e+02
1179	2.85080e+02	1.17900e+03	9.74146e-01	2.83000e+02
1180	2.85419e+02	1.18000e+03	9.73992e-01	2.83333e+02
1181	2.85750e+02	1.18100e+03	9.73837e-01	2.83667e+02
1182	2.86089e+02	1.18200e+03	9.73677e-01	2.84000e+02
1183	2.86416e+02	1.18300e+03	9.73513e-01	2.84333e+02
1184	2.86747e+02	1.18400e+03	9.73332e-01	2.84667e+02
1185	2.87074e+02	1.18500e+03	9.73148e-01	2.85000e+02
1186	2.87416e+02	1.18600e+03	9.72958e-01	2.85333e+02
1187	2.87735e+02	1.18700e+03	9.72761e-01	2.85667e+02
1188	2.88071e+02	1.18800e+03	9.72534e-01	2.86000e+02
1189	2.88394e+02	1.18900e+03	9.72311e-01	2.86333e+02
1190	2.88730e+02	1.19000e+03	9.72083e-01	2.86667e+02
1191	2.89064e+02	1.19100e+03	9.71851e-01	2.87000e+02
1192	2.89384e+02	1.19200e+03	9.71594e-01	2.87333e+02
1193	2.89725e+02	1.19300e+03	9.71346e-01	2.87667e+02
1194	2.90041e+02	1.19400e+03	9.71099e-01	2.88000e+02
1195	2.90375e+02	1.19500e+03	9.70852e-01	2.88333e+02
1196	2.90697e+02	1.19600e+03	9.70599e-01	2.88667e+02
1197	2.91030e+02	1.19700e+03	9.70349e-01	2.89000e+02
1198	2.91359e+02	1.19800e+03	9.70098e-01	2.89333e+02
1199	2.91686e+02	1.19900e+03	9.69844e-01	2.89667e+02
1200	2.92023e+02	1.20000e+03	9.69584e-01	2.90000e+02
1201	2.92342e+02	1.20100e+03	9.69320e-01	2.90333e+02
1202	2.92681e+02	1.20200e+03	9.69051e-01	2.90667e+02
1203	2.93007e+02	1.20300e+03	9.68779e-01	2.91000e+02
1204	2.93336e+02	1.20400e+03	9.68491e-01	2.91333e+02
1205	2.93670e+02	1.20500e+03	9.68206e-01	2.91667e+02
1206	2.94000e+02	1.20600e+03	9.67919e-01	2.92000e+02
1207	2.94342e+02	1.20700e+03	9.67629e-01	2.92333e+02
1208	2.94664e+02	1.20800e+03	9.67324e-01	2.92667e+02
1209	2.95005e+02	1.20900e+03	9.67018e-01	2.93000e+02
1210	2.95343e+02	1.21000e+03	9.66708e-01	2.93333e+02
1211	2.95679e+02	1.21100e+03	9.66393e-01	2.93667e+02
1212	2.96006e+02	1.21200e+03	9.66059e-01	2.94000e+02
1213	2.96344e+02	1.21300e+03	9.65727e-01	2.94333e+02
1214	2.96685e+02	1.21400e+03	9.65393e-01	2.94667e+02
1215	2.97017e+02	1.21500e+03	9.65054e-01	2.95000e+02
1216	2.97348e+02	1.21600e+03	9.64696e-01	2.95333e+02
1217	2.97687e+02	1.21700e+03	9.64342e-01	2.95667e+02
1218	2.98029e+02	1.21800e+03	9.63984e-01	2.96000e+02
1219	2.98372e+02	1.21900e+03	9.63624e-01	2.96333e+02
1220	2.98704e+02	1.22000e+03	9.63248e-01	2.96667e+02
1221	2.99033e+02	1.22100e+03	9.62874e-01	2.97000e+02
1222	2.99371e+02	1.22200e+03	9.62496e-01	2.97333e+02
1223	2.99716e+02	1.22300e+03	9.62114e-01	2.97667e+02
1224	3.00069e+02	1.22400e+03	9.61715e-01	2.98000e+02
1225	3.00426e+02	1.22500e+03	9.61316e-01	2.98333e+02
1226	3.00787e+02	1.22600e+03	9.60914e-01	2.98667e+02
1227	3.01155e+02	1.22700e+03	9.60510e-01	2.99000e+02
1228	3.01468e+02	1.22800e+03	9.60087e-01	2.99333e+02
1229	3.01824e+02	1.22900e+03	9.59667e-01	2.99667e+02
1230	3.02181e+02	1.23000e+03	9.59244e-01	3.00000e+02
1231	3.02524e+02	1.23100e+03	9.58816e-01	3.00333e+02
1232	3.02865e+02	1.23200e+03	9.58371e-01	3.00667e+02
1233	3.03205e+02	1.23300e+03	9.57926e-01	3.01000e+02
1234	3.03539e+02	1.23400e+03	9.57476e-01	3.01333e+02
1235	3.03891e+02	1.23500e+03	9.57022e-01	3.01667e+02
1236	3.04240e+02	1.23600e+03	9.56547e-01	3.02000e+02
1237	3.04569e+02	1.23700e+03	9.56077e-01	3.02333e+02
1238	3.04910e+02	1.23800e+03	9.55603e-01	3.02667e+02
1239	3.05247e+02	1.23900e+03	9.55126e-01	3.03000e+02
1240	3.05583e+02	1.24000e+03	9.54633e-01	3.03333e+02
1241	3.05924e+02	1.24100e+03	9.54143e-01	3.03667e+02
1242	3.06263e+02	1.24200e+03	9.53651e-01	3.04000e+02
1243	3.06609e+02	1.24300e+03	9.53157e-01	3.04333e+02
1244	3.06940e+02	1.24400e+03	9.52652e-01	3.04667e+02
1245	3.07288e+02	1.24500e+03	9.52151e-01	3.05000e+02
1246	3.07645e+02	1.24600e+03	9.51650e-01	3.05333e+02
1247	3.08004e+02	1.24700e+03	9.51149e-01	3.05667e+02
1248	3.08358e+02	1.24800e+03	9.50648e-01	3.06000e+02
1249	3.08703e+02	1.24900e+03	9.50149e-01	3.06333e+02
1250	3.09025e+02	1.25000e+03	9.49651e-01	3.06667e+02
1251	3.09383e+02	1.25100e+03	9.49153e-01	3.07000e+02
1252	3.09725e+02	1.25200e+03	9.48657e-01	3.07333e+02
1253	3.10062e+02	1.25300e+03	9.48156e-01	3.07667e+02
1254	3.10403e+02	1.25400e+03	9.47651e-01	3.08000e+02
1255	3.10749e+02	1.25500e+03	9.47145e-01	3.08333e+02
1256	3.11074e+02	1.25600e+03	9.46628e-01	3.08667e+02
1257	3.11405e+02	1.25700e+03	9.46112e-01	3.09000e+02
1258	3.11754e+02	1.25800e+03	9.45595e-01	3.09333e+02
1259	3.12093e+02	1.25900e+03	9.45077e-01	3.09667e+02
1260	3.12431e+02	1.26000e+03	9.44549e-01	3.10000e+02
1261	3.12784e+02	1.26100e+03	9.44024e-01	3.10333e+02
1262	3.13114e+02	1.26200e+03	9.43500e-01	3.10667e+02
1263	3.13439e+02	1.26300e+03	9.42976e-01	3.11000e+02
1264	3.13773e+02	1.26400e+03	9.42450e-01	3.11333e+02
1265	3.14119e+02	1.26500e+03	9.41926e-01	3.11667e+02
1266	3.14451e+02	1.26600e+03	9.41403e-01	3.12000e+02
1267	3.14792e+02	1.26700e+03	9.40880e-01	3.12333e+02
1268	3.15138e+02	1.26800e+03	9.40357e-01	3.12667e+02
1269	3.15473e+02	1.26900e+03	9.39831e-01	3.13000e+02
1270	3.15804e+02	1.27000e+03	9.39302e-01	3.13333e+02
1271	3.16140e+02	1.27100e+03	9.38770e-01	3.13667e+02
1272	3.16473e+02	1.27200e+03	9.38229e-01	3.14000e+02
1273	3.16810e+02	1.27300e+03	9.37690e-01	3.14333e+02
1274	3.17138e+02	1.27400e+03	9.37152e-01	3.14667e+02
1275	3.17493e+02	1.27500e+03	9.36615e-01	3.15000e+02
1276	3.17806e+02	1.27600e+03	9.36074e-01	3.15333e+02
1277	3.18135e+02	1.27700e+03	9.35536e-01	3.15667e+02
1278	3.18477e+02	1.27800e+03	9.34997e-01	3.16000e+02
1279	3.18813e+02	1.27900e+03	9.34457e-01	3.16333e+02
1280	3.19157e+02	1.28000e+03	9.33917e-01	3.16667e+02
1281	3.19482e+02	1.28100e+03	9.33371e-01	3.17000e+02
1282	3.19828e+02	1.28200e+03	9.32821e-01	3.17333e+02
1283	3.20169e+02	1.28300e+03	9.32269e-01	3.17667e+02
1284	3.20507e+02	1.28400e+03	9.31703e-01	3.18000e+02
1285	3.20853e+02	1.28500e+03	9.31141e-01	3.18333e+02
1286	3.21202e+02	1.28600e+03	9.30579e-01	3.18667e+02
1287	3.21554e+02	1.28700e+03	9.30016e-01	3.19000e+02
1288	3.21895e+02	1.28800e+03	9.29448e-01	3.19333e+02
1289	3.22234e+02	1.28900e+03	9.28884e-01	3.19667e+02
1290	3.22582e+02	1.29000e+03	9.28321e-01	3.20000e+02
1291	3.22946e+02	1.29100e+03	9.27757e-01	3.20333e+02
1292	3.23273e+02	1.29200e+03	9.27195e-01	3.20667e+02
1293	3.23610e+02	1.29300e+03	9.26629e-01	3.21000e+02
1294	3.23933e+02	1.29400e+03	9.26057e-01	3.21333e+02
1295	3.24270e+02	1.29500e+03	9.25481e-01	3.21667e+02
1296	3.24591e+02	1.29600e+03	9.24887e-01	3.22000e+02
1297	3.24931e+02	1.29700e+03	9.24284e-01	3.22333e+02
1298	3.25267e+02	1.29800e+03	9.23669e-01	3.22667e+02
1299	3.25607e+02	1.29900e+03	9.23045e-01	3.23000e+02
1300	3.25940e+02	1.30000e+03	9.22376e-01	3.23333e+02
1301	3.26271e+02	1.30100e+03	9.21715e-01	3.23667e+02
1302	3.26603e+02	1.30200e+03	9.21049e-01	3.24000e+02
1303	3.26941e+02	1.30300e+03	9.20379e-01	3.24333e+02
1304	3.27276e+02	1.30400e+03	9.19675e-01	3.24667e+02
1305	3.27603e+02	1.30500e+03	9.18980e-01	3.25000e+02
1306	3.27933e+02	1.30600e+03	9.18278e-01	3.25333e+02
1307	3.28273e+02	1.30700e+03	9.17570e-01	3.25667e+02
1308	3.28629e+02	1.30800e+03	9.16832e-01	3.26000e+02
1309	3.28952e+02	1.30900e+03	9.16090e-01	3.26333e+02
1310	3.29280e+02	1.31000e+03	9.15335e-01	3.26667e+02
1311	3.29609e+02	1.31100e+03	9.14570e-01	3.27000e+02
1312	3.29939e+02	1.31200e+03	9.13751e-01	3.27333e+02
1313	3.30280e+02	1.31300e+03	9.12937e-01	3.27667e+02
1314	3.30610e+02	1.31400e+03	9.12108e-01	3.28000e+02
1315	3.30939e+02	1.31500e+03	9.11267e-01	3.28333e+02
1316	3.31274e+02	1.31600e+03	9.10363e-01	3.28667e+02
1317	3.31599e+02	1.31700e+03	9.09463e-01	3.29000e+02
1318	3.31928e+02	1.31800e+03	9.08547e-01	3.29333e+02
1319	3.32254e+02	1.31900e+03	9.07617e-01	3.29667e+02
1320	3.32582e+02	1.32000e+03	9.06612e-01	3.30000e+02
1321	3.32928e+02	1.32100e+03	9.05618e-01	3.30333e+02
1322	3.33255e+02	1.32200e+03	9.04612e-01	3.30667e+02
1323	3.33585e+02	1.32300e+03	9.03593e-01	3.31000e+02
1324	3.33908e+02	1.32400e+03	9.02507e-01	3.31333e+02
1325	3.34236e+02	1.32500e+03	9.01435e-01	3.31667e+02
1326	3.34582e+02	1.32600e+03	9.00353e-01	3.32000e+02
1327	3.34903e+02	1.32700e+03	8.99261e-01	3.32333e+02
1328	3.35233e+02	1.32800e+03	8.98114e-01	3.32667e+02
1329	3.35556e+02	1.32900e+03	8.96969e-01	3.33000e+02
1330	3.35883e+02	1.33000e+03	8.95811e-01	3.33333e+02
1331	3.36218e+02	1.33100e+03	8.94639e-01	3.33667e+02
1332	3.36555e+02	1.33200e+03	8.93403e-01	3.34000e+02
1333	3.36888e+02	1.33300e+03	8.92172e-01	3.34333e+02
1334	3.37218e+02	1.33400e+03	8.90924e-01	3.34667e+02
1335	3.37538e+02	1.33500e+03	8.89659e-01	3.35000e+02
1336	3.37883e+02	1.33600e+03	8.88311e-01	3.35333e+02
1337	3.38220e+02	1.33700e+03	8.86967e-01	3.35667e+02
1338	3.38548e+02	1.33800e+03	8.85600e-01	3.36000e+02
1339	3.38884e+02	1.33900e+03	8.84212e-01	3.36333e+02
1340	3.39210e+02	1.34000e+03	8.82723e-01	3.36667e+02
1341	3.39534e+02	1.34100e+03	8.81247e-01	3.37000e+02
1342	3.39875e+02	1.34200e+03	8.79750e-01	3.37333e+02
1343	3.40202e+02	1.34300e+03	8.78232e-01	3.37667e+02
1344	3.40538e+02	1.34400e+03	8.76609e-01	3.38000e+02
1345	3.40889e+02	1.34500e+03	8.74998e-01	3.38333e+02
1346	3.41237e+02	1.34600e+03	8.73363e-01	3.38667e+02
1347	3.41583e+02	1.34700e+03	8.71704e-01	3.39000e+02
1348	3.41916e+02	1.34800e+03	8.69930e-01	3.39333e+02
1349	3.42272e+02	1.34900e+03	8.68168e-01	3.39667e+02
1350	3.42619e+02	1.35000e+03	8.66376e-01	3.40000e+02
1351	3.42967e+02	1.35100e+03	8.64559e-01	3.40333e+02
1352	3.43298e+02	1.35200e+03	8.62616e-01	3.40667e+02
1353	3.43644e+02	1.35300e+03	8.60692e-01	3.41000e+02
1354	3.43985e+02	1.35400e+03	8.58744e-01	3.41333e+02
1355	3.44328e+02	1.35500e+03	8.56774e-01	3.41667e+02
1356	3.44686e+02	1.35600e+03	8.54683e-01	3.42000e+02
1357	3.45065e+02	1.35700e+03	8.52609e-01	3.42333e+02
1358	3.45511e+02	1.35800e+03	8.50510e-01	3.42667e+02
1359	3.45989e+02	1.35900e+03	8.48386e-01	3.43000e+02
1360	3.46360e+02	1.36000e+03	8.46142e-01	3.43333e+02
1361	3.46699e+02	1.36100e+03	8.43909e-01	3.43667e+02
1362	3.47028e+02	1.36200e+03	8.41645e-01	3.44000e+02
1363	3.47390e+02	1.36300e+03	8.39355e-01	3.44333e+02
1364	3.47771e+02	1.36400e+03	8.36926e-01	3.44667e+02
1365	3.48130e+02	1.36500e+03	8.34512e-01	3.45000e+02
1366	3.48469e+02	1.36600e+03	8.32066e-01	3.45333e+02
1367	3.48810e+02	1.36700e+03	8.29591e-01	3.45667e+02
1368	3.49175e+02	1.36800e+03	8.26968e-01	3.46000e+02
1369	3.49501e+02	1.36900e+03	8.24364e-01	3.46333e+02
1370	3.49851e+02	1.37000e+03	8.21728e-01	3.46667e+02
1371	3.50188e+02	1.37100e+03	8.19062e-01	3.47000e+02
1372	3.50520e+02	1.37200e+03	8.16247e-01	3.47333e+02
1373	3.50863e+02	1.37300e+03	8.13451e-01	3.47667e+02
1374	3.51215e+02	1.37400e+03	8.10625e-01	3.48000e+02
1375	3.51572e+02	1.37500e+03	8.07771e-01	3.48333e+02
1376	3.51908e+02	1.37600e+03	8.04770e-01	3.48667e+02
1377	3.52264e+02	1.37700e+03	8.01789e-01	3.49000e+02
1378	3.52601e+02	1.37800e+03	7.98775e-01	3.49333e+02
1379	3.52944e+02	1.37900e+03	7.95732e-01	3.49667e+02
1380	3.53286e+02	1.38000e+03	7.92540e-01	3.50000e+02
1381	3.53638e+02	1.38100e+03	7.89361e-01	3.50333e+02
1382	3.53994e+02	1.38200e+03	7.86146e-01	3.50667e+02
1383	3.54332e+02	1.38300e+03	7.82898e-01	3.51000e+02
1384	3.54676e+02	1.38400e+03	7.79492e-01	3.51333e+02
1385	3.55014e+02	1.38500e+03	7.76111e-01	3.51667e+02
1386	3.55349e+02	1.38600e+03	7.72699e-01	3.52000e+02
1387	3.55675e+02	1.38700e+03	7.69259e-01	3.52333e+02
1388	3.56008e+02	1.38800e+03	7.65673e-01	3.52667e+02
1389	3.56352e+02	1.38900e+03	7.62107e-01	3.53000e+02
1390	3.56689e+02	1.39000e+03	7.58510e-01	3.53333e+02
1391	3.57016e+02	1.39100e+03	7.54883e-01	3.53667e+02
1392	3.57352e+02	1.39200e+03	7.51105e-01	3.54000e+02
1393	3.57684e+02	1.39300e+03	7.47342e-01	3.54333e+02
1394	3.58030e+02	1.39400e+03	7.43544e-01	3.54667e+02
1395	3.58370e+02	1.39500e+03	7.39715e-01	3.55000e+02
1396	3.58706e+02	1.39600e+03	7.35721e-01	3.55333e+02
1397	3.59067e+02	1.39700e+03	7.31750e-01	3.55667e+02
1398	3.59428e+02	1.39800e+03	7.27747e-01	3.56000e+02
1399	3.59768e+02	1.39900e+03	7.23713e-01	3.56333e+02
1400	3.60145e+02	1.40000e+03	7.19521e-01	3.56667e+02
1401	3.60498e+02	1.40100e+03	7.15357e-01	3.57000e+02
1402	3.60841e+02	1.40200e+03	7.11169e-01	3.57333e+02
1403	3.61176e+02	1.40300e+03	7.06956e-01	3.57667e+02
1404	3.61503e+02	1.40400e+03	7.02607e-01	3.58000e+02
1405	3.61834e+02	1.40500e+03	6.98279e-01	3.58333e+02
1406	3.62165e+02	1.40600e+03	6.93926e-01	3.58667e+02
1407	3.62485e+02	1.40700e+03	6.89548e-01	3.59000e+02
1408	3.62804e+02	1.40800e+03	6.85040e-01	3.59333e+02
1409	3.63148e+02	1.40900e+03	6.80548e-01	3.59667e+02
1410	3.63486e+02	1.41000e+03	6.76032e-01	3.60000e+02
1411	3.63817e+02	1.41100e+03	6.71493e-01	3.60333e+02
1412	3.64140e+02	1.41200e+03	6.66827e-01	3.60667e+02
1413	3.64483e+02	1.41300e+03	6.62183e-01	3.61000e+02
1414	3.64843e+02	1.41400e+03	6.57515e-01	3.61333e+02
1415	3.65177e+02	1.41500e+03	6.52824e-01	3.61667e+02
1416	3.65475e+02	1.41600e+03	6.48014e-01	3.62000e+02
1417	3.65774e+02	1.41700e+03	6.43213e-01	3.62333e+02
1418	3.66096e+02	1.41800e+03	6.38382e-01	3.62667e+02
1419	3.66466e+02	1.41900e+03	6.33527e-01	3.63000e+02
1420	3.66795e+02	1.42000e+03	6.28536e-01	3.63333e+02
1421	3.67150e+02	1.42100e+03	6.23567e-01	3.63667e+02
1422	3.67493e+02	1.42200e+03	6.18574e-01	3.64000e+02
1423	3.67824e+02	1.42300e+03	6.13557e-01	3.64333e+02
1424	3.68130e+02	1.42400e+03	6.08416e-01	3.64667e+02
1425	3.68465e+02	1.42500e+03	6.03295e-01	3.65000e+02
1426	3.68827e+02	1.42600e+03	5.98151e-01	3.65333e+02
1427	3.69169e+02	1.42700e+03	5.92984e-01	3.65667e+02
1428	3.69488e+02	1.42800e+03	5.87708e-01	3.66000e+02
1429	3.69830e+02	1.42900e+03	5.82450e-01	3.66333e+02
1430	3.70188e+02	1.43000e+03	5.77174e-01	3.66667e+02
1431	3.70556e+02	1.43100e+03	5.71880e-01	3.67000e+02
1432	3.70880e+02	1.43200e+03	5.66491e-01	3.67333e+02
1433	3.71205e+02	1.43300e+03	5.61120e-01	3.67667e+02
1434	3.71524e+02	1.43400e+03	5.55733e-01	3.68000e+02
1435	3.71855e+02	1.43500e+03	5.50331e-01	3.68333e+02
1436	3.72187e+02	1.43600e+03	5.44856e-01	3.68667e+02
1437	3.72525e+02	1.43700e+03	5.39399e-01	3.69000e+02
1438	3.72873e+02	1.43800e+03	5.33934e-01	3.69333e+02
1439	3.73242e+02	1.43900e+03	5.28461e-01	3.69667e+02
1440	3.73608e+02	1.44000e+03	5.22940e-01	3.70000e+02
1441	3.73966e+02	1.44100e+03	5.17433e-01	3.70333e+02
1442	3.74293e+02	1.44200e+03	5.11921e-01	3.70667e+02
1443	3.74616e+02	1.44300e+03	5.06404e-01	3.71000e+02
1444	3.74971e+02	1.44400e+03	5.00866e-01	3.71333e+02
1445	3.75321e+02	1.44500e+03	4.95336e-01	3.71667e+02
1446	3.75646e+02	1.44600e+03	4.89806e-01	3.72000e+02
1447	3.75995e+02	1.44700e+03	4.84274e-01	3.72333e+02
1448	3.76333e+02	1.44800e+03	4.78727e-01	3.72667e+02
1449	3.76661e+02	1.44900e+03	4.73175e-01	3.73000e+02
1450	3.76994e+02	1.45000e+03	4.67611e-01	3.73333e+02
1451	3.77337e+02	1.45100e+03	4.62037e-01	3.73667e+02
1452	3.77656e+02	1.45200e+03	4.56423e-01	3.74000e+02
1453	3.78003e+02	1.45300e+03	4.50812e-01	3.74333e+02
1454	3.78339e+02	1.45400e+03	4.45195e-01	3.74667e+02
1455	3.78669e+02	1.45500e+03	4.39572e-01	3.75000e+02
1456	3.78990e+02	1.45600e+03	4.33907e-01	3.75333e+02
1457	3.79328e+02	1.45700e+03	4.28260e-01	3.75667e+02
1458	3.79658e+02	1.45800e+03	4.22615e-01	3.76000e+02
1459	3.80012e+02	1.45900e+03	4.16970e-01	3.76333e+02
1460	3.80338e+02	1.46000e+03	4.11322e-01	3.76667e+02
1461	3.80675e+02	1.46100e+03	4.05682e-01	3.77000e+02
1462	3.81012e+02	1.46200e+03	4.00053e-01	3.77333e+02
1463	3.81338e+02	1.46300e+03	3.94432e-01	3.77667e+02
1464	3.81663e+02	1.46400e+03	3.88849e-01	3.78000e+02
1465	3.81991e+02	1.46500e+03	3.83273e-01	3.78333e+02
1466	3.82317e+02	1.46600e+03	3.77713e-01	3.78667e+02
1467	3.82641e+02	1.46700e+03	3.72166e-01	3.79000e+02
1468	3.82968e+02	1.46800e+03	3.66689e-01	3.79333e+02
1469	3.83295e+02	1.46900e+03	3.61198e-01	3.79667e+02
1470	3.83627e+02	1.47000e+03	3.55723e-01	3.80000e+02
1471	3.83948e+02	1.47100e+03	3.50264e-01	3.80333e+02
1472	3.84271e+02	1.47200e+03	3.44875e-01	3.80667e+02
1473	3.84598e+02	1.47300e+03	3.39485e-01	3.81000e+02
1474	3.84922e+02	1.47400e+03	3.34119e-01	3.81333e+02
1475	3.85253e+02	1.47500e+03	3.28774e-01	3.81667e+02
1476	3.85592e+02	1.47600e+03	3.23532e-01	3.82000e+02
1477	3.85907e+02	1.47700e+03	3.18281e-01	3.82333e+02
1478	3.86231e+02	1.47800e+03	3.13057e-01	3.82667e+02
1479	3.86555e+02	1.47900e+03	3.07858e-01	3.83000e+02
1480	3.86880e+02	1.48000e+03	3.02787e-01	3.83333e+02
1481	3.87211e+02	1.48100e+03	2.97702e-01	3.83667e+02
1482	3.87542e+02	1.48200e+03	2.92647e-01	3.84000e+02
1483	3.87876e+02	1.48300e+03	2.87618e-01	3.84333e+02
1484	3.88223e+02	1.48400e+03	2.82727e-01	3.84667e+02
1485	3.88557e+02	1.48500e+03	2.77814e-01	3.85000e+02
1486	3.88874e+02	1.48600e+03	2.72928e-01	3.85333e+02
1487	3.89210e+02	1.48700e+03	2.68067e-01	3.85667e+02
1488	3.89538e+02	1.48800e+03	2.63346e-01	3.86000e+02
1489	3.89864e+02	1.48900e+03	2.58612e-01	3.86333e+02
1490	3.90192e+02	1.49000e+03	2.53916e-01	3.86667e+02
1491	3.90529e+02	1.49100e+03	2.49254e-01	3.87000e+02
1492	3.90858e+02	1.49200e+03	2.44756e-01	3.87333e+02
1493	3.91201e+02	1.49300e+03	2.40244e-01	3.87667e+02
1494	3.91530e+02	1.49400e+03	2.35771e-01	3.88000e+02
1495	3.91880e+02	1.49500e+03	2.31330e-01	3.88333e+02
1496	3.92225e+02	1.49600e+03	2.27069e-01	3.88667e+02
1497	3.92563e+02	1.49700e+03	2.22778e-01	3.89000e+02
1498	3.92923e+02	1.49800e+03	2.18523e-01	3.89333e+02
1499	3.93265e+02	1.49900e+03	2.14300e-01	3.89667e+02
1500	3.93581e+02	1.50000e+03	2.10248e-01	3.90000e+02
1501	3.93912e+02	1.50100e+03	2.06177e-01	3.90333e+02
1502	3.94323e+02	1.50200e+03	2.02146e-01	3.90667e+02
1503	3.94776e+02	1.50300e+03	1.98150e-01	3.91000e+02
1504	3.95116e+02	1.50400e+03	1.94338e-01	3.91333e+02
1505	3.95586e+02	1.50500e+03	1.90500e-01	3.91667e+02
1506	3.95949e+02	1.50600e+03	1.86699e-01	3.92000e+02
1507	3.96334e+02	1.50700e+03	1.82936e-01	3.92333e+02
1508	3.96669e+02	1.50800e+03	1.79356e-01	3.92667e+02
1509	3.96993e+02	1.50900e+03	1.75751e-01	3.93000e+02
1510	3.97374e+02	1.51000e+03	1.72187e-01	3.93333e+02
1511	3.97739e+02	1.51100e+03	1.68661e-01	3.93667e+02
1512	3.98073e+02	1.51200e+03	1.65320e-01	3.94000e+02
1513	3.98416e+02	1.51300e+03	1.61956e-01	3.94333e+02
1514	3.98760e+02	1.51400e+03	1.58632e-01	3.94667e+02
1515	3.99110e+02	1.51500e+03	1.55346e-01	3.95000e+02
1516	3.99434e+02	1.51600e+03	1.52256e-01	3.95333e+02
1517	3.99751e+02	1.51700e+03	1.49144e-01	3.95667e+02
1518	4.00091e+02	1.51800e+03	1.46074e-01	3.96000e+02
1519	4.00411e+02	1.51900e+03	1.43040e-01	3.96333e+02
1520	4.00779e+02	1.52000e+03	1.40198e-01	3.96667e+02
1521	4.01133e+02	1.52100e+03	1.37320e-01	3.97000e+02
1522	4.01488e+02	1.52200e+03	1.34474e-01	3.97333e+02
1523	4.01842e+02	1.52300e+03	1.31661e-01	3.97667e+02
1524	4.02187e+02	1.52400e+03	1.29011e-01	3.98000e+02
1525	4.02525e+02	1.52500e+03	1.26341e-01	3.98333e+02
1526	4.02886e+02	1.52600e+03	1.23706e-01	3.98667e+02
1527	4.03258e+02	1.52700e+03	1.21106e-01	3.99000e+02
1528	4.03650e+02	1.52800e+03	1.18670e-01	3.99333e+02
1529	4.04029e+02	1.52900e+03	1.16213e-01	3.99667e+02
1530	4.04391e+02	1.53000e+03	1.13791e-01	4.00000e+02
1531	4.04740e+02	1.53100e+03	1.11400e-01	4.00333e+02
1532	4.05095e+02	1.53200e+03	1.09175e-01	4.00667e+02
1533	4.05436e+02	1.53300e+03	1.06927e-01	4.01000e+02
1534	4.05815e+02	1.53400e+03	1.04713e-01	4.01333e+02
1535	4.06172e+02	1.53500e+03	1.02531e-01	4.01667e+02
1536	4.06523e+02	1.53600e+03	1.00508e-01	4.02000e+02
1537	4.06874e+02	1.53700e+03	9.84621e-02	4.02333e+02
1538	4.07216e+02	1.53800e+03	9.64482e-02	4.02667e+02
1539	4.07561e+02	1.53900e+03	9.44638e-02	4.03000e+02
1540	4.07913e+02	1.54000e+03	9.26338e-02	4.03333e+02
1541	4.08235e+02	1.54100e+03	9.07812e-02	4.03667e+02
1542	4.08609e+02	1.54200e+03	8.89592e-02	4.04000e+02
1543	4.09046e+02	1.54300e+03	8.71658e-02	4.04333e+02
1544	4.09439e+02	1.54400e+03	8.55149e-02	4.04667e+02
1545	4.09892e+02	1.54500e+03	8.38411e-02	4.05000e+02
1546	4.10234e+02	1.54600e+03	8.21948e-02	4.05333e+02
1547	4.10565e+02	1.54700e+03	8.05739e-02	4.05667e+02
1548	4.10870e+02	1.54800e+03	7.90828e-02	4.06000e+02
1549	4.11249e+02	1.54900e+03	7.75721e-02	4.06333e+02
1550	4.11495e+02	1.55000e+03	7.60867e-02	4.06667e+02
1551	4.11721e+02	1.55100e+03	7.46256e-02	4.07000e+02
1552	4.12040e+02	1.55200e+03	7.32899e-02	4.07333e+02
1553	4.12384e+02	1.55300e+03	7.19374e-02	4.07667e+02
1554	4.12715e+02	1.55400e+03	7.06090e-02	4.08000e+02
1555	4.13014e+02	1.55500e+03	6.93032e-02	4.08333e+02
1556	4.13320e+02	1.55600e+03	6.81155e-02	4.08667e+02
1557	4.13659e+02	1.55700e+03	6.69090e-02	4.09000e+02
1558	4.13983e+02	1.55800e+03	6.57261e-02	4.09333e+02
1559	4.14293e+02	1.55900e+03	6.45652e-02	4.09667e+02
1560	4.14650e+02	1.56000e+03	6.35151e-02	4.10000e+02
1561	4.14983e+02	1.56100e+03	6.24530e-02	4.10333e+02
1562	4.15309e+02	1.56200e+03	6.14161e-02	4.10667e+02
1563	4.15608e+02	1.56300e+03	6.04017e-02	4.11000e+02
1564	4.15892e+02	1.56400e+03	5.95017e-02	4.11333e+02
1565	4.16199e+02	1.56500e+03	5.85833e-02	4.11667e+02
1566	4.16519e+02	1.56600e+03	5.76873e-02	4.12000e+02
1567	4.16836e+02	1.56700e+03	5.68128e-02	4.12333e+02
1568	4.17151e+02	1.56800e+03	5.60448e-02	4.12667e+02
1569	4.17480e+02	1.56900e+03	5.52582e-02	4.13000e+02
1570	4.17812e+02	1.57000e+03	5.44862e-02	4.13333e+02
1571	4.18152e+02	1.57100e+03	5.37289e-02	4.13667e+02
1572	4.18519e+02	1.57200e+03	5.30574e-02	4.14000e+02
1573	4.18842e+02	1.57300e+03	5.23659e-02	4.14333e+02
1574	4.19139e+02	1.57400e+03	5.16851e-02	4.14667e+02
1575	4.19433e+02	1.57500e+03	5.10159e-02	4.15000e+02
1576	4.19736e+02	1.57600e+03	5.04074e-02	4.15333e+02
1577	4.20086e+02	1.57700e+03	4.97934e-02	4.15667e+02
1578	4.20352e+02	1.57800e+03	4.91929e-02	4.16000e+02
1579	4.20629e+02	1.57900e+03	4.86035e-02	4.16333e+02
1580	4.20914e+02	1.58000e+03	4.80732e-02	4.16667e+02
1581	4.21188e+02	1.58100e+03	4.75335e-02	4.17000e+02
1582	4.21479e+02	1.58200e+03	4.70059e-02	4.17333e+02
1583	4.21779e+02	1.58300e+03	4.64896e-02	4.17667e+02
1584	4.22065e+02	1.58400e+03	4.60279e-02	4.18000e+02
1585	4.22353e+02	1.58500e+03	4.55595e-02	4.18333e+02
1586	4.22642e+02	1.58600e+03	4.51030e-02	4.18667e+02
1587	4.22944e+02	1.58700e+03	4.46574e-02	4.19000e+02
1588	4.23241e+02	1.58800e+03	4.42665e-02	4.19333e+02
1589	4.23547e+02	1.58900e+03	4.38641e-02	4.19667e+02
1590	4.23862e+02	1.59000e+03	4.34681e-02	4.20000e+02
1591	4.24177e+02	1.59100e+03	4.30788e-02	4.20333e+02
1592	4.24490e+02	1.59200e+03	4.27341e-02	4.20667e+02
1593	4.24790e+02	1.59300e+03	4.23836e-02	4.21000e+02
1594	4.25087e+02	1.59400e+03	4.20411e-02	4.21333e+02
1595	4.25386e+02	1.59500e+03	4.17051e-02	4.21667e+02
1596	4.25693e+02	1.59600e+03	4.14057e-02	4.22000e+02
1597	4.26015e+02	1.59700e+03	4.11010e-02	4.22333e+02
1598	4.26323e+02	1.59800e+03	4.08057e-02	4.22667e+02
1599	4.26631e+02	1.59900e+03	4.05193e-02	4.23000e+02
1600	4.26920e+02	1.60000e+03	4.02706e-02	4.23333e+02
1601	4.27235e+02	1.60100e+03	4.00180e-02	4.23667e+02
1602	4.27529e+02	1.60200e+03	3.97742e-02	4.24000e+02
1603	4.27837e+02	1.60300e+03	3.95394e-02	4.24333e+02
1604	4.28122e+02	1.60400e+03	3.93483e-02	4.24667e+02
1605	4.28410e+02	1.60500e+03	3.91471e-02	4.25000e+02
1606	4.28689e+02	1.60600e+03	3.89493e-02	4.25333e+02
1607	4.28988e+02	1.60700e+03	3.87556e-02	4.25667e+02
1608	4.29269e+02	1.60800e+03	3.85928e-02	4.26000e+02
1609	4.29550e+02	1.60900e+03	3.84210e-02	4.26333e+02
1610	4.29844e+02	1.61000e+03	3.82490e-02	4.26667e+02
1611	4.30138e+02	1.61100e+03	3.80775e-02	4.27000e+02
1612	4.30452e+02	1.61200e+03	3.79146e-02	4.27333e+02
1613	4.30770e+02	1.61300e+03	3.77468e-02	4.27667e+02
1614	4.31096e+02	1.61400e+03	3.75805e-02	4.28000e+02
1615	4.31409e+02	1.61500e+03	3.74174e-02	4.28333e+02
1616	4.31723e+02	1.61600e+03	3.72568e-02	4.28667e+02
1617	4.32045e+02	1.61700e+03	3.70998e-02	4.29000e+02
1618	4.32372e+02	1.61800e+03	3.69486e-02	4.29333e+02
1619	4.32681e+02	1.61900e+03	3.68014e-02	4.29667e+02
1620	4.33007e+02	1.62000e+03	3.66723e-02	4.30000e+02
1621	4.33322e+02	1.62100e+03	3.65409e-02	4.30333e+02
1622	4.33643e+02	1.62200e+03	3.64127e-02	4.30667e+02
1623	4.33962e+02	1.62300e+03	3.62872e-02	4.31000e+02
1624	4.34294e+02	1.62400e+03	3.61781e-02	4.31333e+02
1625	4.34622e+02	1.62500e+03	3.60667e-02	4.31667e+02
1626	4.34941e+02	1.62600e+03	3.59595e-02	4.32000e+02
1627	4.35267e+02	1.62700e+03	3.58551e-02	4.32333e+02
1628	4.35582e+02	1.62800e+03	3.57656e-02	4.32667e+02
1629	4.35897e+02	1.62900e+03	3.56759e-02	4.33000e+02
1630	4.36217e+02	1.63000e+03	3.55896e-02	4.33333e+02
1631	4.36540e+02	1.63100e+03	3.55058e-02	4.33667e+02
1632	4.36869e+02	1.63200e+03	3.54396e-02	4.34000e+02
1633	4.37191e+02	1.63300e+03	3.53729e-02	4.34333e+02
1634	4.37521e+02	1.63400e+03	3.53130e-02	4.34667e+02
1635	4.37839e+02	1.63500e+03	3.52581e-02	4.35000e+02
1636	4.38157e+02	1.63600e+03	3.52198e-02	4.35333e+02
1637	4.38488e+02	1.63700e+03	3.51775e-02	4.35667e+02
1638	4.38813e+02	1.63800e+03	3.51373e-02	4.36000e+02
1639	4.39140e+02	1.63900e+03	3.50994e-02	4.36333e+02
1640	4.39462e+02	1.64000e+03	3.50742e-02	4.36667e+02
1641	4.39794e+02	1.64100e+03	3.50441e-02	4.37000e+02
1642	4.40116e+02	1.64200e+03	3.50142e-02	4.37333e+02
1643	4.40454e+02	1.64300e+03	3.49850e-02	4.37667e+02
1644	4.40764e+02	1.64400e+03	3.49602e-02	4.38000e+02
1645	4.41092e+02	1.64500e+03	3.49326e-02	4.38333e+02
1646	4.41409e+02	1.64600e+03	3.49019e-02	4.38667e+02
1647	4.41727e+02	1.64700e+03	3.48693e-02	4.39000e+02
1648	4.42046e+02	1.64800e+03	3.48331e-02	4.39333e+02
1649	4.42358e+02	1.64900e+03	3.47964e-02	4.39667e+02
1650	4.42683e+02	1.65000e+03	3.47596e-02	4.40000e+02
1651	4.43011e+02	1.65100e+03	3.47229e-02	4.40333e+02
1652	4.43330e+02	1.65200e+03	3.46850e-02	4.40667e+02
1653	4.43638e+02	1.65300e+03	3.46548e-02	4.41000e+02
1654	4.43966e+02	1.65400e+03	3.46293e-02	4.41333e+02
1655	4.44286e+02	1.65500e+03	3.46057e-02	4.41667e+02
1656	4.44621e+02	1.65600e+03	3.45961e-02	4.42000e+02
1657	4.44944e+02	1.65700e+03	3.45831e-02	4.42333e+02
1658	4.45263e+02	1.65800e+03	3.45704e-02	4.42667e+02
1659	4.45592e+02	1.65900e+03	3.45575e-02	4.43000e+02
1660	4.45927e+02	1.66000e+03	3.45484e-02	4.43333e+02
1661	4.46256e+02	1.66100e+03	3.45372e-02	4.43667e+02
1662	4.46581e+02	1.66200e+03	3.45259e-02	4.44000e+02
1663	4.46891e+02	1.66300e+03	3.45141e-02	4.44333e+02
1664	4.47208e+02	1.66400e+03	3.44973e-02	4.44667e+02
1665	4.47544e+02	1.66500e+03	3.44802e-02	4.45000e+02
1666	4.47858e+02	1.66600e+03	3.44622e-02	4.45333e+02
1667	4.48197e+02	1.66700e+03	3.44437e-02	4.45667e+02
1668	4.48507e+02	1.66800e+03	3.44191e-02	4.46000e+02
1669	4.48835e+02	1.66900e+03	3.43965e-02	4.46333e+02
1670	4.49151e+02	1.67000e+03	3.43756e-02	4.46667e+02
1671	4.49475e+02	1.67100e+03	3.43561e-02	4.47000e+02
1672	4.49814e+02	1.67200e+03	3.43391e-02	4.47333e+02
1673	4.50123e+02	1.67300e+03	3.43246e-02	4.47667e+02
1674	4.50456e+02	1.67400e+03	3.43126e-02	4.48000e+02
1675	4.50787e+02	1.67500e+03	3.43026e-02	4.48333e+02
1676	4.51109e+02	1.67600e+03	3.43041e-02	4.48667e+02
1677	4.51429e+02	1.67700e+03	3.43015e-02	4.49000e+02
1678	4.51754e+02	1.67800e+03	3.42985e-02	4.49333e+02
1679	4.52075e+02	1.67900e+03	3.42960e-02	4.49667e+02
1680	4.52399e+02	1.68000e+03	3.42969e-02	4.50000e+02
1681	4.52725e+02	1.68100e+03	3.42941e-02	4.50333e+02
1682	4.53050e+02	1.68200e+03	3.42894e-02	4.50667e+02
1683	4.53370e+02	1.68300e+03	3.42842e-02	4.51000e+02
1684	4.53704e+02	1.68400e+03	3.42761e-02	4.51333e+02
1685	4.54021e+02	1.68500e+03	3.42690e-02	4.51667e+02
1686	4.54340e+02	1.68600e+03	3.42615e-02	4.52000e+02
1687	4.54668e+02	1.68700e+03	3.42539e-02	4.52333e+02
1688	4.54964e+02	1.68800e+03	3.42475e-02	4.52667e+02
1689	4.55268e+02	1.68900e+03	3.42421e-02	4.53000e+02
1690	4.55564e+02	1.69000e+03	3.42367e-02	4.53333e+02
1691	4.55852e+02	1.69100e+03	3.42310e-02	4.53667e+02
1692	4.56129e+02	1.69200e+03	3.42278e-02	4.54000e+02
1693	4.56423e+02	1.69300e+03	3.42240e-02	4.54333e+02
1694	4.56720e+02	1.69400e+03	3.42207e-02	4.54667e+02
1695	4.57023e+02	1.69500e+03	3.42178e-02	4.55000e+02
1696	4.57335e+02	1.69600e+03	3.42161e-02	4.55333e+02
1697	4.57652e+02	1.69700e+03	3.42140e-02	4.55667e+02
1698	4.57972e+02	1.69800e+03	3.42110e-02	4.56000e+02
1699	4.58285e+02	1.69900e+03	3.42074e-02	4.56333e+02
1700	4.58606e+02	1.70000e+03	3.42039e-02	4.56667e+02
1701	4.58941e+02	1.70100e+03	3.42021e-02	4.57000e+02
1702	4.59262e+02	1.70200e+03	3.42034e-02	4.57333e+02
1703	4.59584e+02	1.70300e+03	3.42062e-02	4.57667e+02
1704	4.59913e+02	1.70400e+03	3.42118e-02	4.58000e+02
1705	4.60229e+02	1.70500e+03	3.42175e-02	4.58333e+02
1706	4.60549e+02	1.70600e+03	3.42223e-02	4.58667e+02
1707	4.60870e+02	1.70700e+03	3.42251e-02	4.59000e+02
1708	4.61193e+02	1.70800e+03	3.42224e-02	4.59333e+02
1709	4.61526e+02	1.70900e+03	3.42128e-02	4.59667e+02
1710	4.61839e+02	1.71000e+03	3.41991e-02	4.60000e+02
1711	4.62167e+02	1.71100e+03	3.41841e-02	4.60333e+02
1712	4.62498e+02	1.71200e+03	3.41531e-02	4.60667e+02
1713	4.62826e+02	1.71300e+03	3.41305e-02	4.61000e+02
1714	4.63157e+02	1.71400e+03	3.41092e-02	4.61333e+02
1715	4.63475e+02	1.71500e+03	3.40880e-02	4.61667e+02
1716	4.63807e+02	1.71600e+03	3.40699e-02	4.62000e+02
1717	4.64131e+02	1.71700e+03	3.40518e-02	4.62333e+02
1718	4.64463e+02	1.71800e+03	3.40355e-02	4.62667e+02
1719	4.64776e+02	1.71900e+03	3.40206e-02	4.63000e+02
1720	4.65102e+02	1.72000e+03	3.40115e-02	4.63333e+02
1721	4.65434e+02	1.72100e+03	3.40049e-02	4.63667e+02
1722	4.65770e+02	1.72200e+03	3.40035e-02	4.64000e+02
1723	4.66096e+02	1.72300e+03	3.40060e-02	4.64333e+02
1724	4.66415e+02	1.72400e+03	3.40219e-02	4.64667e+02
1725	4.66735e+02	1.72500e+03	3.40336e-02	4.65000e+02
1726	4.67064e+02	1.72600e+03	3.40446e-02	4.65333e+02
1727	4.67404e+02	1.72700e+03	3.40550e-02	4.65667e+02
1728	4.67735e+02	1.72800e+03	3.40671e-02	4.66000e+02
1729	4.68066e+02	1.72900e+03	3.40731e-02	4.66333e+02
1730	4.68392e+02	1.73000e+03	3.40759e-02	4.66667e+02
1731	4.68720e+02	1.73100e+03	3.40768e-02	4.67000e+02
1732	4.69035e+02	1.73200e+03	3.40625e-02	4.67333e+02
1733	4.69369e+02	1.73300e+03	3.40481e-02	4.67667e+02
1734	4.69700e+02	1.73400e+03	3.40293e-02	4.68000e+02
1735	4.70024e+02	1.73500e+03	3.40086e-02	4.68333e+02
1736	4.70354e+02	1.73600e+03	3.39786e-02	4.68667e+02
1737	4.70673e+02	1.73700e+03	3.39568e-02	4.69000e+02
1738	4.71000e+02	1.73800e+03	3.39401e-02	4.69333e+02
1739	4.71321e+02	1.73900e+03	3.39264e-02	4.69667e+02
1740	4.71649e+02	1.74000e+03	3.39236e-02	4.70000e+02
1741	4.71975e+02	1.74100e+03	3.39213e-02	4.70333e+02
1742	4.72289e+02	1.74200e+03	3.39209e-02	4.70667e+02
1743	4.72606e+02	1.74300e+03	3.39220e-02	4.71000e+02
1744	4.72951e+02	1.74400e+03	3.39370e-02	4.71333e+02
1745	4.73277e+02	1.74500e+03	3.39456e-02	4.71667e+02
1746	4.73598e+02	1.74600e+03	3.39527e-02	4.72000e+02
1747	4.73925e+02	1.74700e+03	3.39596e-02	4.72333e+02
1748	4.74251e+02	1.74800e+03	3.39630e-02	4.72667e+02
1749	4.74578e+02	1.74900e+03	3.39641e-02	4.73000e+02
1750	4.74898e+02	1.75000e+03	3.39627e-02	4.73333e+02
1751	4.75235e+02	1.75100e+03	3.39596e-02	4.73667e+02
1752	4.75561e+02	1.75200e+03	3.39499e-02	4.74000e+02
1753	4.75885e+02	1.75300e+03	3.39440e-02	4.74333e+02
1754	4.76208e+02	1.75400e+03	3.39388e-02	4.74667e+02
1755	4.76539e+02	1.75500e+03	3.39339e-02	4.75000e+02
1756	4.76872e+02	1.75600e+03	3.39301e-02	4.75333e+02
1757	4.77191e+02	1.75700e+03	3.39263e-02	4.75667e+02
1758	4.77518e+02	1.75800e+03	3.39228e-02	4.76000e+02
1759	4.77837e+02	1.75900e+03	3.39195e-02	4.76333e+02
1760	4.78179e+02	1.76000e+03	3.39176e-02	4.76667e+02
1761	4.78494e+02	1.76100e+03	3.39146e-02	4.77000e+02
1762	4.78820e+02	1.76200e+03	3.39106e-02	4.77333e+02
1763	4.79150e+02	1.76300e+03	3.39058e-02	4.77667e+02
1764	4.79486e+02	1.76400e+03	3.38974e-02	4.78000e+02
1765	4.79810e+02	1.76500e+03	3.38871e-02	4.78333e+02
1766	4.80133e+02	1.76600e+03	3.38745e-02	4.78667e+02
1767	4.80469e+02	1.76700e+03	3.38608e-02	4.79000e+02
1768	4.80795e+02	1.76800e+03	3.38431e-02	4.79333e+02
1769	4.81117e+02	1.76900e+03	3.38293e-02	4.79667e+02
1770	4.81455e+02	1.77000e+03	3.38174e-02	4.80000e+02
1771	4.81777e+02	1.77100e+03	3.38070e-02	4.80333e+02
1772	4.82107e+02	1.77200e+03	3.38050e-02	4.80667e+02
1773	4.82436e+02	1.77300e+03	3.38043e-02	4.81000e+02
1774	4.82758e+02	1.77400e+03	3.38060e-02	4.81333e+02
1775	4.83080e+02	1.77500e+03	3.38094e-02	4.81667e+02
1776	4.83416e+02	1.77600e+03	3.38245e-02	4.82000e+02
1777	4.83742e+02	1.77700e+03	3.38353e-02	4.82333e+02
1778	4.84070e+02	1.77800e+03	3.38460e-02	4.82667e+02
1779	4.84398e+02	1.77900e+03	3.38572e-02	4.83000e+02
1780	4.84727e+02	1.78000e+03	3.38704e-02	4.83333e+02
1781	4.85059e+02	1.78100e+03	3.38806e-02	4.83667e+02
1782	4.85394e+02	1.78200e+03	3.38887e-02	4.84000e+02
1783	4.85711e+02	1.78300e+03	3.38957e-02	4.84333e+02
1784	4.86044e+02	1.78400e+03	3.38983e-02	4.84667e+02
1785	4.86366e+02	1.78500e+03	3.39007e-02	4.85000e+02
1786	4.86688e+02	1.78600e+03	3.39008e-02	4.85333e+02
1787	4.87013e+02	1.78700e+03	3.38987e-02	4.85667e+02
1788	4.87351e+02	1.78800e+03	3.38891e-02	4.86000e+02
1789	4.87673e+02	1.78900e+03	3.38821e-02	4.86333e+02
1790	4.87993e+02	1.79000e+03	3.38761e-02	4.86667e+02
1791	4.88314e+02	1.79100e+03	3.38702e-02	4.87000e+02
1792	4.88651e+02	1.79200e+03	3.38644e-02	4.87333e+02
1793	4.88967e+02	1.79300e+03	3.38633e-02	4.87667e+02
1794	4.89301e+02	1.79400e+03	3.38640e-02	4.88000e+02
1795	4.89622e+02	1.79500e+03	3.38651e-02	4.88333e+02
1796	4.89960e+02	1.79600e+03	3.38741e-02	4.88667e+02
1797	4.90279e+02	1.79700e+03	3.38796e-02	4.89000e+02
1798	4.90611e+02	1.79800e+03	3.38850e-02	4.89333e+02
1799	4.90936e+02	1.79900e+03	3.38904e-02	4.89667e+02
1800	4.91260e+02	1.80000e+03	3.38953e-02	4.90000e+02
1801	4.91583e+02	1.80100e+03	3.38998e-02	4.90333e+02
1802	4.91916e+02	1.80200e+03	3.39034e-02	4.90667e+02
1803	4.92240e+02	1.80300e+03	3.39060e-02	4.91000e+02
1804	4.92558e+02	1.80400e+03	3.39040e-02	4.91333e+02
1805	4.92895e+02	1.80500e+03	3.39016e-02	4.91667e+02
1806	4.93226e+02	1.80600e+03	3.38983e-02	4.92000e+02
1807	4.93552e+02	1.80700e+03	3.38943e-02	4.92333e+02
1808	4.93867e+02	1.80800e+03	3.38833e-02	4.92667e+02
1809	4.94195e+02	1.80900e+03	3.38754e-02	4.93000e+02
1810	4.94527e+02	1.81000e+03	3.38690e-02	4.93333e+02
1811	4.94856e+02	1.81100e+03	3.38634e-02	4.93667e+02
1812	4.95181e+02	1.81200e+03	3.38586e-02	4.94000e+02
1813	4.95505e+02	1.81300e+03	3.38546e-02	4.94333e+02
1814	4.95830e+02	1.81400e+03	3.38515e-02	4.94667e+02
1815	4.96158e+02	1.81500e+03	3.38489e-02	4.95000e+02
1816	4.96484e+02	1.81600e+03	3.38512e-02	4.95333e+02
1817	4.96816e+02	1.81700e+03	3.38522e-02	4.95667e+02
1818	4.97134e+02	1.81800e+03	3.38529e-02	4.96000e+02
1819	4.97467e+02	1.81900e+03	3.38541e-02	4.96333e+02
1820	4.97797e+02	1.82000e+03	3.38606e-02	4.96667e+02
1821	4.98126e+02	1.82100e+03	3.38669e-02	4.97000e+02
1822	4.98452e+02	1.82200e+03	3.38723e-02	4.97333e+02
1823	4.98789e+02	1.82300e+03	3.38771e-02	4.97667e+02
1824	4.99114e+02	1.82400e+03	3.38815e-02	4.98000e+02
1825	4.99439e+02	1.82500e+03	3.38818e-02	4.98333e+02
1826	4.99776e+02	1.82600e+03	3.38791e-02	4.98667e+02
1827	5.00118e+02	1.82700e+03	3.38750e-02	4.99000e+02
1828	5.00453e+02	1.82800e+03	3.38625e-02	4.99333e+02
1829	5.00775e+02	1.82900e+03	3.38541e-02	4.99667e+02
1830	5.01100e+02	1.83000e+03	3.38456e-02	5.00000e+02
1831	5.01429e+02	1.83100e+03	3.38362e-02	5.00333e+02
1832	5.01771e+02	1.83200e+03	3.38245e-02	5.00667e+02
1833	5.02110e+02	1.83300e+03	3.38120e-02	5.01000e+02
1834	5.02427e+02	1.83400e+03	3.37969e-02	5.01333e+02
1835	5.02753e+02	1.83500e+03	3.37787e-02	5.01667e+02
1836	5.03068e+02	1.83600e+03	3.37520e-02	5.02000e+02
1837	5.03407e+02	1.83700e+03	3.37287e-02	5.02333e+02
1838	5.03726e+02	1.83800e+03	3.37086e-02	5.02667e+02
1839	5.04050e+02	1.83900e+03	3.36909e-02	5.03000e+02
1840	5.04374e+02	1.84000e+03	3.36766e-02	5.03333e+02
1841	5.04706e+02	1.84100e+03	3.36689e-02	5.03667e+02
1842	5.05023e+02	1.84200e+03	3.36658e-02	5.04000e+02
1843	5.05355e+02	1.84300e+03	3.36653e-02	5.04333e+02
1844	5.05672e+02	1.84400e+03	3.36834e-02	5.04667e+02
1845	5.05990e+02	1.84500e+03	3.36929e-02	5.05000e+02
1846	5.06319e+02	1.84600e+03	3.37002e-02	5.05333e+02
1847	5.06642e+02	1.84700e+03	3.37066e-02	5.05667e+02
1848	5.06955e+02	1.84800e+03	3.37072e-02	5.06000e+02
1849	5.07295e+02	1.84900e+03	3.37033e-02	5.06333e+02
1850	5.07622e+02	1.85000e+03	3.36960e-02	5.06667e+02
1851	5.07956e+02	1.85100e+03	3.36870e-02	5.07000e+02
1852	5.08285e+02	1.85200e+03	3.36654e-02	5.07333e+02
1853	5.08613e+02	1.85300e+03	3.36511e-02	5.07667e+02
1854	5.08940e+02	1.85400e+03	3.36389e-02	5.08000e+02
1855	5.09260e+02	1.85500e+03	3.36277e-02	5.08333e+02
1856	5.09585e+02	1.85600e+03	3.36205e-02	5.08667e+02
1857	5.09913e+02	1.85700e+03	3.36133e-02	5.09000e+02
1858	5.10240e+02	1.85800e+03	3.36082e-02	5.09333e+02
1859	5.10557e+02	1.85900e+03	3.36054e-02	5.09667e+02
1860	5.10894e+02	1.86000e+03	3.36106e-02	5.10000e+02
1861	5.11215e+02	1.86100e+03	3.36141e-02	5.10333e+02
1862	5.11542e+02	1.86200e+03	3.36183e-02	5.10667e+02
1863	5.11874e+02	1.86300e+03	3.36232e-02	5.11000e+02
1864	5.12193e+02	1.86400e+03	3.36321e-02	5.11333e+02
1865	5.12521e+02	1.86500e+03	3.36363e-02	5.11667e+02
1866	5.12852e+02	1.86600e+03	3.36382e-02	5.12000e+02
1867	5.13179e+02	1.86700e+03	3.36391e-02	5.12333e+02
1868	5.13508e+02	1.86800e+03	3.36345e-02	5.12667e+02
1869	5.13820e+02	1.86900e+03	3.36309e-02	5.13000e+02
1870	5.14162e+02	1.87000e+03	3.36276e-02	5.13333e+02
1871	5.14486e+02	1.87100e+03	3.36247e-02	5.13667e+02
1872	5.14819e+02	1.87200e+03	3.36229e-02	5.14000e+02
1873	5.15143e+02	1.87300e+03	3.36235e-02	5.14333e+02
1874	5.15483e+02	1.87400e+03	3.36236e-02	5.14667e+02
1875	5.15798e+02	1.87500e+03	3.36230e-02	5.15000e+02
1876	5.16130e+02	1.87600e+03	3.36255e-02	5.15333e+02
1877	5.16463e+02	1.87700e+03	3.36237e-02	5.15667e+02
1878	5.16790e+02	1.87800e+03	3.36208e-02	5.16000e+02
1879	5.17117e+02	1.87900e+03	3.36180e-02	5.16333e+02
1880	5.17451e+02	1.88000e+03	3.36135e-02	5.16667e+02
1881	5.17780e+02	1.88100e+03	3.36147e-02	5.17000e+02
1882	5.18112e+02	1.88200e+03	3.36190e-02	5.17333e+02
1883	5.18433e+02	1.88300e+03	3.36250e-02	5.17667e+02
1884	5.18770e+02	1.88400e+03	3.36395e-02	5.18000e+02
1885	5.19094e+02	1.88500e+03	3.36503e-02	5.18333e+02
1886	5.19418e+02	1.88600e+03	3.36607e-02	5.18667e+02
1887	5.19745e+02	1.88700e+03	3.36713e-02	5.19000e+02
1888	5.20070e+02	1.88800e+03	3.36830e-02	5.19333e+02
1889	5.20402e+02	1.88900e+03	3.36932e-02	5.19667e+02
1890	5.20732e+02	1.89000e+03	3.37020e-02	5.20000e+02
1891	5.21059e+02	1.89100e+03	3.37096e-02	5.20333e+02
1892	5.21383e+02	1.89200e+03	3.37128e-02	5.20667e+02
1893	5.21706e+02	1.89300e+03	3.37150e-02	5.21000e+02
1894	5.22040e+02	1.89400e+03	3.37131e-02	5.21333e+02
1895	5.22373e+02	1.89500e+03	3.37063e-02	5.21667e+02
1896	5.22699e+02	1.89600e+03	3.36841e-02	5.22000e+02
1897	5.23034e+02	1.89700e+03	3.36635e-02	5.22333e+02
1898	5.23368e+02	1.89800e+03	3.36418e-02	5.22667e+02
1899	5.23692e+02	1.89900e+03	3.36203e-02	5.23000e+02
1900	5.24025e+02	1.90000e+03	3.35918e-02	5.23333e+02
1901	5.24367e+02	1.90100e+03	3.35757e-02	5.23667e+02
1902	5.24698e+02	1.90200e+03	3.35668e-02	5.24000e+02
1903	5.25030e+02	1.90300e+03	3.35610e-02	5.24333e+02
1904	5.25361e+02	1.90400e+03	3.35746e-02	5.24667e+02
1905	5.25704e+02	1.90500e+03	3.35817e-02	5.25000e+02
1906	5.26033e+02	1.90600e+03	3.35894e-02	5.25333e+02
1907	5.26369e+02	1.90700e+03	3.35984e-02	5.25667e+02
1908	5.26706e+02	1.90800e+03	3.36136e-02	5.26000e+02
1909	5.27038e+02	1.90900e+03	3.36248e-02	5.26333e+02
1910	5.27375e+02	1.91000e+03	3.36353e-02	5.26667e+02
1911	5.27708e+02	1.91100e+03	3.36457e-02	5.27000e+02
1912	5.28040e+02	1.91200e+03	3.36524e-02	5.27333e+02
1913	5.28374e+02	1.91300e+03	3.36572e-02	5.27667e+02
1914	5.28709e+02	1.91400e+03	3.36587e-02	5.28000e+02
1915	5.29041e+02	1.91500e+03	3.36580e-02	5.28333e+02
1916	5.29380e+02	1.91600e+03	3.36431e-02	5.28667e+02
1917	5.29713e+02	1.91700e+03	3.36274e-02	5.29000e+02
1918	5.30037e+02	1.91800e+03	3.36098e-02	5.29333e+02
1919	5.30373e+02	1.91900e+03	3.35909e-02	5.29667e+02
1920	5.30703e+02	1.92000e+03	3.35623e-02	5.30000e+02
1921	5.31045e+02	1.92100e+03	3.35442e-02	5.30333e+02
1922	5.31386e+02	1.92200e+03	3.35313e-02	5.30667e+02
1923	5.31723e+02	1.92300e+03	3.35222e-02	5.31000e+02
1924	5.32057e+02	1.92400e+03	3.35311e-02	5.31333e+02
1925	5.32398e+02	1.92500e+03	3.35376e-02	5.31667e+02
1926	5.32726e+02	1.92600e+03	3.35460e-02	5.32000e+02
1927	5.33056e+02	1.92700e+03	3.35563e-02	5.32333e+02
1928	5.33386e+02	1.92800e+03	3.35788e-02	5.32667e+02
1929	5.33710e+02	1.92900e+03	3.35920e-02	5.33000e+02
1930	5.34050e+02	1.93000e+03	3.36029e-02	5.33333e+02
1931	5.34384e+02	1.93100e+03	3.36138e-02	5.33667e+02
1932	5.34723e+02	1.93200e+03	3.36208e-02	5.34000e+02
1933	5.35054e+02	1.93300e+03	3.36308e-02	5.34333e+02
1934	5.35392e+02	1.93400e+03	3.36424e-02	5.34667e+02
1935	5.35723e+02	1.93500e+03	3.36552e-02	5.35000e+02
1936	5.36055e+02	1.93600e+03	3.36719e-02	5.35333e+02
1937	5.36382e+02	1.93700e+03	3.36872e-02	5.35667e+02
1938	5.36729e+02	1.93800e+03	3.37015e-02	5.36000e+02
1939	5.37067e+02	1.93900e+03	3.37150e-02	5.36333e+02
1940	5.37389e+02	1.94000e+03	3.37280e-02	5.36667e+02
1941	5.37718e+02	1.94100e+03	3.37381e-02	5.37000e+02
1942	5.38057e+02	1.94200e+03	3.37456e-02	5.37333e+02
1943	5.38395e+02	1.94300e+03	3.37515e-02	5.37667e+02
1944	5.38722e+02	1.94400e+03	3.37475e-02	5.38000e+02
1945	5.39055e+02	1.94500e+03	3.37447e-02	5.38333e+02
1946	5.39388e+02	1.94600e+03	3.37405e-02	5.38667e+02
1947	5.39726e+02	1.94700e+03	3.37354e-02	5.39000e+02
1948	5.40059e+02	1.94800e+03	3.37240e-02	5.39333e+02
1949	5.40392e+02	1.94900e+03	3.37150e-02	5.39667e+02
1950	5.40729e+02	1.95000e+03	3.37059e-02	5.40000e+02
1951	5.41066e+02	1.95100e+03	3.36968e-02	5.40333e+02
1952	5.41396e+02	1.95200e+03	3.36881e-02	5.40667e+02
1953	5.41728e+02	1.95300e+03	3.36807e-02	5.41000e+02
1954	5.42070e+02	1.95400e+03	3.36741e-02	5.41333e+02
1955	5.42406e+02	1.95500e+03	3.36683e-02	5.41667e+02
1956	5.42738e+02	1.95600e+03	3.36678e-02	5.42000e+02
1957	5.43068e+02	1.95700e+03	3.36673e-02	5.42333e+02
1958	5.43407e+02	1.95800e+03	3.36685e-02	5.42667e+02
1959	5.43748e+02	1.95900e+03	3.36713e-02	5.43000e+02
1960	5.44077e+02	1.96000e+03	3.36805e-02	5.43333e+02
1961	5.44407e+02	1.96100e+03	3.36871e-02	5.43667e+02
1962	5.44744e+02	1.96200e+03	3.36929e-02	5.44000e+02
1963	5.45086e+02	1.96300e+03	3.36985e-02	5.44333e+02
1964	5.45410e+02	1.96400e+03	3.37065e-02	5.44667e+02
1965	5.45736e+02	1.96500e+03	3.37143e-02	5.45000e+02
1966	5.46065e+02	1.96600e+03	3.37225e-02	5.45333e+02
1967	5.46395e+02	1.96700e+03	3.37311e-02	5.45667e+02
1968	5.46727e+02	1.96800e+03	3.37407e-02	5.46000e+02
1969	5.47057e+02	1.96900e+03	3.37502e-02	5.46333e+02
1970	5.47394e+02	1.97000e+03	3.37595e-02	5.46667e+02
1971	5.47731e+02	1.97100e+03	3.37688e-02	5.47000e+02
1972	5.48071e+02	1.97200e+03	3.37776e-02	5.47333e+02
1973	5.48408e+02	1.97300e+03	3.37851e-02	5.47667e+02
1974	5.48745e+02	1.97400e+03	3.37916e-02	5.48000e+02
1975	5.49064e+02	1.97500e+03	3.37973e-02	5.48333e+02
1976	5.49394e+02	1.97600e+03	3.37977e-02	5.48667e+02
1977	5.49716e+02	1.97700e+03	3.37966e-02	5.49000e+02
1978	5.50044e+02	1.97800e+03	3.37920e-02	5.49333e+02
1979	5.50374e+02	1.97900e+03	3.37848e-02	5.49667e+02
1980	5.50700e+02	1.98000e+03	3.37687e-02	5.50000e+02
1981	5.51037e+02	1.98100e+03	3.37574e-02	5.50333e+02
1982	5.51368e+02	1.98200e+03	3.37486e-02	5.50667e+02
1983	5.51705e+02	1.98300e+03	3.37409e-02	5.51000e+02
1984	5.52033e+02	1.98400e+03	3.37324e-02	5.51333e+02
1985	5.52363e+02	1.98500e+03	3.37265e-02	5.51667e+02
1986	5.52719e+02	1.98600e+03	3.37231e-02	5.52000e+02
1987	5.53071e+02	1.98700e+03	3.37212e-02	5.52333e+02
1988	5.53404e+02	1.98800e+03	3.37236e-02	5.52667e+02
1989	5.53736e+02	1.98900e+03	3.37211e-02	5.53000e+02
1990	5.54083e+02	1.99000e+03	3.37146e-02	5.53333e+02
1991	5.54426e+02	1.99100e+03	3.37047e-02	5.53667e+02
1992	5.54738e+02	1.99200e+03	3.36823e-02	5.54000e+02
1993	5.55075e+02	1.99300e+03	3.36596e-02	5.54333e+02
1994	5.55410e+02	1.99400e+03	3.36367e-02	5.54667e+02
1995	5.55737e+02	1.99500e+03	3.36146e-02	5.55000e+02
1996	5.56068e+02	1.99600e+03	3.35882e-02	5.55333e+02
1997	5.56398e+02	1.99700e+03	3.35730e-02	5.55667e+02
1998	5.56728e+02	1.99800e+03	3.35650e-02	5.56000e+02
1999	5.57050e+02	1.99900e+03	3.35612e-02	5.56333e+02
2000	5.57379e+02	2.00000e+03	3.35819e-02	5.56667e+02
2001	5.57705e+02	2.00100e+03	3.35958e-02	5.57000e+02
2002	5.58037e+02	2.00200e+03	3.36112e-02	5.57333e+02
2003	5.58372e+02	2.00300e+03	3.36285e-02	5.57667e+02
2004	5.58697e+02	2.00400e+03	3.36553e-02	5.58000e+02
2005	5.59033e+02	2.00500e+03	3.36756e-02	5.58333e+02
2006	5.59368e+02	2.00600e+03	3.36943e-02	5.58667e+02
2007	5.59698e+02	2.00700e+03	3.37126e-02	5.59000e+02
2008	5.60031e+02	2.00800e+03	3.37235e-02	5.59333e+02
2009	5.60366e+02	2.00900e+03	3.37320e-02	5.59667e+02
2010	5.60700e+02	2.01000e+03	3.37352e-02	5.60000e+02
2011	5.61033e+02	2.01100e+03	3.37341e-02	5.60333e+02
2012	5.61370e+02	2.01200e+03	3.37150e-02	5.60667e+02
2013	5.61703e+02	2.01300e+03	3.36983e-02	5.61000e+02
2014	5.62035e+02	2.01400e+03	3.36796e-02	5.61333e+02
2015	5.62365e+02	2.01500e+03	3.36588e-02	5.61667e+02
2016	5.62700e+02	2.01600e+03	3.36257e-02	5.62000e+02
2017	5.63028e+02	2.01700e+03	3.36006e-02	5.62333e+02
2018	5.63363e+02	2.01800e+03	3.35776e-02	5.62667e+02
2019	5.63707e+02	2.01900e+03	3.35558e-02	5.63000e+02
2020	5.64032e+02	2.02000e+03	3.35454e-02	5.63333e+02
2021	5.64362e+02	2.02100e+03	3.35384e-02	5.63667e+02
2022	5.64691e+02	2.02200e+03	3.35369e-02	5.64000e+02
2023	5.65030e+02	2.02300e+03	3.35395e-02	5.64333e+02
2024	5.65362e+02	2.02400e+03	3.35642e-02	5.64667e+02
2025	5.65684e+02	2.02500e+03	3.35847e-02	5.65000e+02
2026	5.66015e+02	2.02600e+03	3.36080e-02	5.65333e+02
2027	5.66352e+02	2.02700e+03	3.36340e-02	5.65667e+02
2028	5.66689e+02	2.02800e+03	3.36721e-02	5.66000e+02
2029	5.67016e+02	2.02900e+03	3.37011e-02	5.66333e+02
2030	5.67352e+02	2.03000e+03	3.37257e-02	5.66667e+02
2031	5.67693e+02	2.03100e+03	3.37479e-02	5.67000e+02
2032	5.68034e+02	2.03200e+03	3.37614e-02	5.67333e+02
2033	5.68371e+02	2.03300e+03	3.37737e-02	5.67667e+02
2034	5.68709e+02	2.03400e+03	3.37826e-02	5.68000e+02
2035	5.69063e+02	2.03500e+03	3.37896e-02	5.68333e+02
2036	5.69403e+02	2.03600e+03	3.37853e-02	5.68667e+02
2037	5.69725e+02	2.03700e+03	3.37847e-02	5.69000e+02
2038	5.70068e+02	2.03800e+03	3.37827e-02	5.69333e+02
2039	5.70403e+02	2.03900e+03	3.37794e-02	5.69667e+02
2040	5.70745e+02	2.04000e+03	3.37709e-02	5.70000e+02
2041	5.71083e+02	2.04100e+03	3.37643e-02	5.70333e+02
2042	5.71417e+02	2.04200e+03	3.37580e-02	5.70667e+02
2043	5.71751e+02	2.04300e+03	3.37511e-02	5.71000e+02
2044	5.72093e+02	2.04400e+03	3.37419e-02	5.71333e+02
2045	5.72426e+02	2.04500e+03	3.37347e-02	5.71667e+02
2046	5.72756e+02	2.04600e+03	3.37284e-02	5.72000e+02
2047	5.73097e+02	2.04700e+03	3.37226e-02	5.72333e+02
2048	5.73420e+02	2.04800e+03	3.37196e-02	5.72667e+02
2049	5.73751e+02	2.04900e+03	3.37160e-02	5.73000e+02
2050	5.74088e+02	2.05000e+03	3.37122e-02	5.73333e+02
2051	5.74414e+02	2.05100e+03	3.37084e-02	5.73667e+02
2052	5.74746e+02	2.05200e+03	3.37069e-02	5.74000e+02
2053	5.75075e+02	2.05300e+03	3.37042e-02	5.74333e+02
2054	5.75411e+02	2.05400e+03	3.37005e-02	5.74667e+02
2055	5.75745e+02	2.05500e+03	3.36964e-02	5.75000e+02
2056	5.76083e+02	2.05600e+03	3.36914e-02	5.75333e+02
2057	5.76406e+02	2.05700e+03	3.36852e-02	5.75667e+02
2058	5.76743e+02	2.05800e+03	3.36764e-02	5.76000e+02
2059	5.77082e+02	2.05900e+03	3.36661e-02	5.76333e+02
2060	5.77405e+02	2.06000e+03	3.36565e-02	5.76667e+02
2061	5.77740e+02	2.06100e+03	3.36510e-02	5.77000e+02
2062	5.78079e+02	2.06200e+03	3.36476e-02	5.77333e+02
2063	5.78406e+02	2.06300e+03	3.36455e-02	5.77667e+02
2064	5.78739e+02	2.06400e+03	3.36533e-02	5.78000e+02
2065	5.79074e+02	2.06500e+03	3.36601e-02	5.78333e+02
2066	5.79407e+02	2.06600e+03	3.36676e-02	5.78667e+02
2067	5.79745e+02	2.06700e+03	3.36756e-02	5.79000e+02
2068	5.80088e+02	2.06800e+03	3.36899e-02	5.79333e+02
2069	5.80416e+02	2.06900e+03	3.36994e-02	5.79667e+02
2070	5.80751e+02	2.07000e+03	3.37070e-02	5.80000e+02
2071	5.81085e+02	2.07100e+03	3.37138e-02	5.80333e+02
2072	5.81415e+02	2.07200e+03	3.37154e-02	5.80667e+02
2073	5.81760e+02	2.07300e+03	3.37158e-02	5.81000e+02
2074	5.82088e+02	2.07400e+03	3.37110e-02	5.81333e+02
2075	5.82427e+02	2.07500e+03	3.37019e-02	5.81667e+02
2076	5.82760e+02	2.07600e+03	3.36790e-02	5.82000e+02
2077	5.83083e+02	2.07700e+03	3.36581e-02	5.82333e+02
2078	5.83410e+02	2.07800e+03	3.36366e-02	5.82667e+02
2079	5.83739e+02	2.07900e+03	3.36147e-02	5.83000e+02
2080	5.84076e+02	2.08000e+03	3.35882e-02	5.83333e+02
2081	5.84406e+02	2.08100e+03	3.35708e-02	5.83667e+02
2082	5.84735e+02	2.08200e+03	3.35560e-02	5.84000e+02
2083	5.85063e+02	2.08300e+03	3.35425e-02	5.84333e+02
2084	5.85393e+02	2.08400e+03	3.35444e-02	5.84667e+02
2085	5.85722e+02	2.08500e+03	3.35413e-02	5.85000e+02
2086	5.86052e+02	2.08600e+03	3.35384e-02	5.85333e+02
2087	5.86382e+02	2.08700e+03	3.35365e-02	5.85667e+02
2088	5.86719e+02	2.08800e+03	3.35408e-02	5.86000e+02
2089	5.87053e+02	2.08900e+03	3.35441e-02	5.86333e+02
2090	5.87377e+02	2.09000e+03	3.35476e-02	5.86667e+02
2091	5.87709e+02	2.09100e+03	3.35517e-02	5.87000e+02
2092	5.88037e+02	2.09200e+03	3.35618e-02	5.87333e+02
2093	5.88367e+02	2.09300e+03	3.35712e-02	5.87667e+02
2094	5.88690e+02	2.09400e+03	3.35820e-02	5.88000e+02
2095	5.89021e+02	2.09500e+03	3.35941e-02	5.88333e+02
2096	5.89368e+02	2.09600e+03	3.36128e-02	5.88667e+02
2097	5.89684e+02	2.09700e+03	3.36303e-02	5.89000e+02
2098	5.90012e+02	2.09800e+03	3.36473e-02	5.89333e+02
2099	5.90344e+02	2.09900e+03	3.36636e-02	5.89667e+02
2100	5.90672e+02	2.10000e+03	3.36796e-02	5.90000e+02
2101	5.91011e+02	2.10100e+03	3.36906e-02	5.90333e+02
2102	5.91341e+02	2.10200e+03	3.36974e-02	5.90667e+02
2103	5.91667e+02	2.10300e+03	3.37015e-02	5.91000e+02
2104	5.92017e+02	2.10400e+03	3.36938e-02	5.91333e+02
2105	5.92344e+02	2.10500e+03	3.36902e-02	5.91667e+02
2106	5.92670e+02	2.10600e+03	3.36844e-02	5.92000e+02
2107	5.93005e+02	2.10700e+03	3.36760e-02	5.92333e+02
2108	5.93327e+02	2.10800e+03	3.36585e-02	5.92667e+02
2109	5.93658e+02	2.10900e+03	3.36440e-02	5.93000e+02
2110	5.93994e+02	2.11000e+03	3.36329e-02	5.93333e+02
2111	5.94329e+02	2.11100e+03	3.36244e-02	5.93667e+02
2112	5.94659e+02	2.11200e+03	3.36204e-02	5.94000e+02
2113	5.94997e+02	2.11300e+03	3.36228e-02	5.94333e+02
2114	5.95319e+02	2.11400e+03	3.36290e-02	5.94667e+02
2115	5.95654e+02	2.11500e+03	3.36367e-02	5.95000e+02
2116	5.95987e+02	2.11600e+03	3.36597e-02	5.95333e+02
2117	5.96329e+02	2.11700e+03	3.36729e-02	5.95667e+02
2118	5.96647e+02	2.11800e+03	3.36812e-02	5.96000e+02
2119	5.96980e+02	2.11900e+03	3.36869e-02	5.96333e+02
2120	5.97315e+02	2.12000e+03	3.36877e-02	5.96667e+02
2121	5.97648e+02	2.12100e+03	3.36918e-02	5.97000e+02
2122	5.97980e+02	2.12200e+03	3.36986e-02	5.97333e+02
2123	5.98310e+02	2.12300e+03	3.37072e-02	5.97667e+02
2124	5.98639e+02	2.12400e+03	3.37166e-02	5.98000e+02
2125	5.98974e+02	2.12500e+03	3.37264e-02	5.98333e+02
2126	5.99313e+02	2.12600e+03	3.37364e-02	5.98667e+02
2127	5.99633e+02	2.12700e+03	3.37464e-02	5.99000e+02
2128	5.99968e+02	2.12800e+03	3.37574e-02	5.99333e+02
2129	6.00302e+02	2.12900e+03	3.37668e-02	5.99667e+02
2130	6.00630e+02	2.13000e+03	3.37771e-02	6.00000e+02
2131	6.00963e+02	2.13100e+03	3.37881e-02	6.00333e+02
2132	6.01297e+02	2.13200e+03	3.37977e-02	6.00667e+02
2133	6.01640e+02	2.13300e+03	3.38096e-02	6.01000e+02
2134	6.01977e+02	2.13400e+03	3.38234e-02	6.01333e+02
2135	6.02313e+02	2.13500e+03	3.38385e-02	6.01667e+02
2136	6.02646e+02	2.13600e+03	3.38605e-02	6.02000e+02
2137	6.02976e+02	2.13700e+03	3.38817e-02	6.02333e+02
2138	6.03308e+02	2.13800e+03	3.39033e-02	6.02667e+02
2139	6.03633e+02	2.13900e+03	3.39246e-02	6.03000e+02
2140	6.03974e+02	2.14000e+03	3.39444e-02	6.03333e+02
2141	6.04307e+02	2.14100e+03	3.39583e-02	6.03667e+02
2142	6.04631e+02	2.14200e+03	3.39647e-02	6.04000e+02
2143	6.04966e+02	2.14300e+03	3.39649e-02	6.04333e+02
2144	6.05295e+02	2.14400e+03	3.39442e-02	6.04667e+02
2145	6.05636e+02	2.14500e+03	3.39273e-02	6.05000e+02
2146	6.05971e+02	2.14600e+03	3.39087e-02	6.05333e+02
2147	6.06297e+02	2.14700e+03	3.38883e-02	6.05667e+02
2148	6.06627e+02	2.14800e+03	3.38579e-02	6.06000e+02
2149	6.06963e+02	2.14900e+03	3.38407e-02	6.06333e+02
2150	6.07299e+02	2.15000e+03	3.38298e-02	6.06667e+02
2151	6.07632e+02	2.15100e+03	3.38220e-02	6.07000e+02
2152	6.07966e+02	2.15200e+03	3.38300e-02	6.07333e+02
2153	6.08303e+02	2.15300e+03	3.38328e-02	6.07667e+02
2154	6.08633e+02	2.15400e+03	3.38368e-02	6.08000e+02
2155	6.08965e+02	2.15500e+03	3.38420e-02	6.08333e+02
2156	6.09302e+02	2.15600e+03	3.38549e-02	6.08667e+02
2157	6.09639e+02	2.15700e+03	3.38651e-02	6.09000e+02
2158	6.09972e+02	2.15800e+03	3.38751e-02	6.09333e+02
2159	6.10292e+02	2.15900e+03	3.38854e-02	6.09667e+02
2160	6.10625e+02	2.16000e+03	3.38918e-02	6.10000e+02
2161	6.10953e+02	2.16100e+03	3.38949e-02	6.10333e+02
2162	6.11295e+02	2.16200e+03	3.38972e-02	6.10667e+02
2163	6.11620e+02	2.16300e+03	3.38991e-02	6.11000e+02
2164	6.11958e+02	2.16400e+03	3.38916e-02	6.11333e+02
2165	6.12291e+02	2.16500e+03	3.38882e-02	6.11667e+02
2166	6.12620e+02	2.16600e+03	3.38864e-02	6.12000e+02
2167	6.12954e+02	2.16700e+03	3.38853e-02	6.12333e+02
2168	6.13286e+02	2.16800e+03	3.38853e-02	6.12667e+02
2169	6.13618e+02	2.16900e+03	3.38876e-02	6.13000e+02
2170	6.13952e+02	2.17000e+03	3.38930e-02	6.13333e+02
2171	6.14296e+02	2.17100e+03	3.39001e-02	6.13667e+02
2172	6.14629e+02	2.17200e+03	3.39116e-02	6.14000e+02
2173	6.14959e+02	2.17300e+03	3.39207e-02	6.14333e+02
2174	6.15311e+02	2.17400e+03	3.39302e-02	6.14667e+02
2175	6.15644e+02	2.17500e+03	3.39403e-02	6.15000e+02
2176	6.15986e+02	2.17600e+03	3.39531e-02	6.15333e+02
2177	6.16319e+02	2.17700e+03	3.39657e-02	6.15667e+02
2178	6.16663e+02	2.17800e+03	3.39786e-02	6.16000e+02
2179	6.17004e+02	2.17900e+03	3.39918e-02	6.16333e+02
2180	6.17331e+02	2.18000e+03	3.40044e-02	6.16667e+02
2181	6.17664e+02	2.18100e+03	3.40125e-02	6.17000e+02
2182	6.18004e+02	2.18200e+03	3.40163e-02	6.17333e+02
2183	6.18342e+02	2.18300e+03	3.40164e-02	6.17667e+02
2184	6.18674e+02	2.18400e+03	3.39996e-02	6.18000e+02
2185	6.19019e+02	2.18500e+03	3.39804e-02	6.18333e+02
2186	6.19352e+02	2.18600e+03	3.39548e-02	6.18667e+02
2187	6.19693e+02	2.18700e+03	3.39250e-02	6.19000e+02
2188	6.20031e+02	2.18800e+03	3.38761e-02	6.19333e+02
2189	6.20362e+02	2.18900e+03	3.38408e-02	6.19667e+02
2190	6.20702e+02	2.19000e+03	3.38125e-02	6.20000e+02
2191	6.21037e+02	2.19100e+03	3.37883e-02	6.20333e+02
2192	6.21381e+02	2.19200e+03	3.37780e-02	6.20667e+02
2193	6.21715e+02	2.19300e+03	3.37686e-02	6.21000e+02
2194	6.22039e+02	2.19400e+03	3.37612e-02	6.21333e+02
2195	6.22363e+02	2.19500e+03	3.37546e-02	6.21667e+02
2196	6.22699e+02	2.19600e+03	3.37669e-02	6.22000e+02
2197	6.23026e+02	2.19700e+03	3.37741e-02	6.22333e+02
2198	6.23351e+02	2.19800e+03	3.37831e-02	6.22667e+02
2199	6.23677e+02	2.19900e+03	3.37933e-02	6.23000e+02
2200	6.23998e+02	2.20000e+03	3.38068e-02	6.23333e+02
2201	6.24330e+02	2.20100e+03	3.38195e-02	6.23667e+02
2202	6.24656e+02	2.20200e+03	3.38322e-02	6.24000e+02
2203	6.24979e+02	2.20300e+03	3.38443e-02	6.24333e+02
2204	6.25306e+02	2.20400e+03	3.38534e-02	6.24667e+02
2205	6.25634e+02	2.20500e+03	3.38585e-02	6.25000e+02
2206	6.25970e+02	2.20600e+03	3.38597e-02	6.25333e+02
2207	6.26296e+02	2.20700e+03	3.38570e-02	6.25667e+02
2208	6.26624e+02	2.20800e+03	3.38404e-02	6.26000e+02
2209	6.26964e+02	2.20900e+03	3.38315e-02	6.26333e+02
2210	6.27286e+02	2.21000e+03	3.38263e-02	6.26667e+02
2211	6.27610e+02	2.21100e+03	3.38226e-02	6.27000e+02
2212	6.27942e+02	2.21200e+03	3.38203e-02	6.27333e+02
2213	6.28272e+02	2.21300e+03	3.38206e-02	6.27667e+02
2214	6.28605e+02	2.21400e+03	3.38190e-02	6.28000e+02
2215	6.28934e+02	2.21500e+03	3.38147e-02	6.28333e+02
2216	6.29260e+02	2.21600e+03	3.38120e-02	6.28667e+02
2217	6.29590e+02	2.21700e+03	3.38048e-02	6.29000e+02
2218	6.29923e+02	2.21800e+03	3.37970e-02	6.29333e+02
2219	6.30251e+02	2.21900e+03	3.37890e-02	6.29667e+02
2220	6.30584e+02	2.22000e+03	3.37787e-02	6.30000e+02
2221	6.30919e+02	2.22100e+03	3.37791e-02	6.30333e+02
2222	6.31248e+02	2.22200e+03	3.37859e-02	6.30667e+02
2223	6.31581e+02	2.22300e+03	3.37962e-02	6.31000e+02
2224	6.31913e+02	2.22400e+03	3.38276e-02	6.31333e+02
2225	6.32252e+02	2.22500e+03	3.38515e-02	6.31667e+02
2226	6.32581e+02	2.22600e+03	3.38740e-02	6.32000e+02
2227	6.32914e+02	2.22700e+03	3.38961e-02	6.32333e+02
2228	6.33241e+02	2.22800e+03	3.39189e-02	6.32667e+02
2229	6.33583e+02	2.22900e+03	3.39361e-02	6.33000e+02
2230	6.33918e+02	2.23000e+03	3.39493e-02	6.33333e+02
2231	6.34255e+02	2.23100e+03	3.39588e-02	6.33667e+02
2232	6.34581e+02	2.23200e+03	3.39477e-02	6.34000e+02
2233	6.34928e+02	2.23300e+03	3.39373e-02	6.34333e+02
2234	6.35263e+02	2.23400e+03	3.39212e-02	6.34667e+02
2235	6.35596e+02	2.23500e+03	3.39014e-02	6.35000e+02
2236	6.35934e+02	2.23600e+03	3.38626e-02	6.35333e+02
2237	6.36275e+02	2.23700e+03	3.38327e-02	6.35667e+02
2238	6.36607e+02	2.23800e+03	3.38061e-02	6.36000e+02
2239	6.36956e+02	2.23900e+03	3.37806e-02	6.36333e+02
2240	6.37284e+02	2.24000e+03	3.37578e-02	6.36667e+02
2241	6.37613e+02	2.24100e+03	3.37407e-02	6.37000e+02
2242	6.37948e+02	2.24200e+03	3.37293e-02	6.37333e+02
2243	6.38285e+02	2.24300e+03	3.37209e-02	6.37667e+02
2244	6.38625e+02	2.24400e+03	3.37294e-02	6.38000e+02
2245	6.38960e+02	2.24500e+03	3.37327e-02	6.38333e+02
2246	6.39286e+02	2.24600e+03	3.37341e-02	6.38667e+02
2247	6.39630e+02	2.24700e+03	3.37346e-02	6.39000e+02
2248	6.39967e+02	2.24800e+03	3.37409e-02	6.39333e+02
2249	6.40305e+02	2.24900e+03	3.37459e-02	6.39667e+02
2250	6.40636e+02	2.25000e+03	3.37526e-02	6.40000e+02
2251	6.40975e+02	2.25100e+03	3.37603e-02	6.40333e+02
2252	6.41302e+02	2.25200e+03	3.37690e-02	6.40667e+02
2253	6.41650e+02	2.25300e+03	3.37795e-02	6.41000e+02
2254	6.41989e+02	2.25400e+03	3.37906e-02	6.41333e+02
2255	6.42327e+02	2.25500e+03	3.38014e-02	6.41667e+02
2256	6.42656e+02	2.25600e+03	3.38141e-02	6.42000e+02
2257	6.42991e+02	2.25700e+03	3.38225e-02	6.42333e+02
2258	6.43323e+02	2.25800e+03	3.38275e-02	6.42667e+02
2259	6.43655e+02	2.25900e+03	3.38300e-02	6.43000e+02
2260	6.43989e+02	2.26000e+03	3.38238e-02	6.43333e+02
2261	6.44319e+02	2.26100e+03	3.38196e-02	6.43667e+02
2262	6.44651e+02	2.26200e+03	3.38144e-02	6.44000e+02
2263	6.44983e+02	2.26300e+03	3.38091e-02	6.44333e+02
2264	6.45296e+02	2.26400e+03	3.37999e-02	6.44667e+02
2265	6.45633e+02	2.26500e+03	3.37950e-02	6.45000e+02
2266	6.45973e+02	2.26600e+03	3.37954e-02	6.45333e+02
2267	6.46308e+02	2.26700e+03	3.37999e-02	6.45667e+02
2268	6.46641e+02	2.26800e+03	3.38142e-02	6.46000e+02
2269	6.46981e+02	2.26900e+03	3.38258e-02	6.46333e+02
2270	6.47316e+02	2.27000e+03	3.38341e-02	6.46667e+02
2271	6.47659e+02	2.27100e+03	3.38389e-02	6.47000e+02
2272	6.47976e+02	2.27200e+03	3.38423e-02	6.47333e+02
2273	6.48319e+02	2.27300e+03	3.38386e-02	6.47667e+02
2274	6.48664e+02	2.27400e+03	3.38323e-02	6.48000e+02
2275	6.48995e+02	2.27500e+03	3.38261e-02	6.48333e+02
2276	6.49326e+02	2.27600e+03	3.38088e-02	6.48667e+02
2277	6.49659e+02	2.27700e+03	3.38028e-02	6.49000e+02
2278	6.49980e+02	2.27800e+03	3.38008e-02	6.49333e+02
2279	6.50307e+02	2.27900e+03	3.38008e-02	6.49667e+02
2280	6.50639e+02	2.28000e+03	3.38139e-02	6.50000e+02
2281	6.50968e+02	2.28100e+03	3.38190e-02	6.50333e+02
2282	6.51296e+02	2.28200e+03	3.38207e-02	6.50667e+02
2283	6.51634e+02	2.28300e+03	3.38208e-02	6.51000e+02
2284	6.51969e+02	2.28400e+03	3.38174e-02	6.51333e+02
2285	6.52289e+02	2.28500e+03	3.38118e-02	6.51667e+02
2286	6.52622e+02	2.28600e+03	3.38037e-02	6.52000e+02
2287	6.52961e+02	2.28700e+03	3.37946e-02	6.52333e+02
2288	6.53287e+02	2.28800e+03	3.37784e-02	6.52667e+02
2289	6.53616e+02	2.28900e+03	3.37682e-02	6.53000e+02
2290	6.53946e+02	2.29000e+03	3.37604e-02	6.53333e+02
2291	6.54274e+02	2.29100e+03	3.37529e-02	6.53667e+02
2292	6.54611e+02	2.29200e+03	3.37498e-02	6.54000e+02
2293	6.54942e+02	2.29300e+03	3.37445e-02	6.54333e+02
2294	6.55281e+02	2.29400e+03	3.37380e-02	6.54667e+02
2295	6.55612e+02	2.29500e+03	3.37308e-02	6.55000e+02
2296	6.55932e+02	2.29600e+03	3.37232e-02	6.55333e+02
2297	6.56264e+02	2.29700e+03	3.37150e-02	6.55667e+02
2298	6.56599e+02	2.29800e+03	3.37079e-02	6.56000e+02
2299	6.56926e+02	2.29900e+03	3.37031e-02	6.56333e+02
2300	6.57260e+02	2.30000e+03	3.37041e-02	6.56667e+02
2301	6.57596e+02	2.30100e+03	3.37097e-02	6.57000e+02
2302	6.57923e+02	2.30200e+03	3.37192e-02	6.57333e+02
2303	6.58253e+02	2.30300e+03	3.37313e-02	6.57667e+02
2304	6.58577e+02	2.30400e+03	3.37593e-02	6.58000e+02
2305	6.58910e+02	2.30500e+03	3.37798e-02	6.58333e+02
2306	6.59251e+02	2.30600e+03	3.37988e-02	6.58667e+02
2307	6.59573e+02	2.30700e+03	3.38170e-02	6.59000e+02
2308	6.59916e+02	2.30800e+03	3.38328e-02	6.59333e+02
2309	6.60251e+02	2.30900e+03	3.38450e-02	6.59667e+02
2310	6.60584e+02	2.31000e+03	3.38543e-02	6.60000e+02
2311	6.60915e+02	2.31100e+03	3.38626e-02	6.60333e+02
2312	6.61245e+02	2.31200e+03	3.38627e-02	6.60667e+02
2313	6.61576e+02	2.31300e+03	3.38664e-02	6.61000e+02
2314	6.61914e+02	2.31400e+03	3.38723e-02	6.61333e+02
2315	6.62252e+02	2.31500e+03	3.38798e-02	6.61667e+02
2316	6.62573e+02	2.31600e+03	3.38920e-02	6.62000e+02
2317	6.62911e+02	2.31700e+03	3.39048e-02	6.62333e+02
2318	6.63249e+02	2.31800e+03	3.39156e-02	6.62667e+02
2319	6.63581e+02	2.31900e+03	3.39247e-02	6.63000e+02
2320	6.63924e+02	2.32000e+03	3.39325e-02	6.63333e+02
2321	6.64256e+02	2.32100e+03	3.39328e-02	6.63667e+02
2322	6.64587e+02	2.32200e+03	3.39292e-02	6.64000e+02
2323	6.64918e+02	2.32300e+03	3.39230e-02	6.64333e+02
2324	6.65265e+02	2.32400e+03	3.38974e-02	6.64667e+02
2325	6.65593e+02	2.32500e+03	3.38811e-02	6.65000e+02
2326	6.65925e+02	2.32600e+03	3.38703e-02	6.65333e+02
2327	6.66260e+02	2.32700e+03	3.38627e-02	6.65667e+02
2328	6.66595e+02	2.32800e+03	3.38615e-02	6.66000e+02
2329	6.66932e+02	2.32900e+03	3.38641e-02	6.66333e+02
2330	6.67278e+02	2.33000e+03	3.38688e-02	6.66667e+02
2331	6.67604e+02	2.33100e+03	3.38741e-02	6.67000e+02
2332	6.67939e+02	2.33200e+03	3.38869e-02	6.67333e+02
2333	6.68275e+02	2.33300e+03	3.38888e-02	6.67667e+02
2334	6.68617e+02	2.33400e+03	3.38876e-02	6.68000e+02
2335	6.68942e+02	2.33500e+03	3.38847e-02	6.68333e+02
2336	6.69278e+02	2.33600e+03	3.38695e-02	6.68667e+02
2337	6.69616e+02	2.33700e+03	3.38604e-02	6.69000e+02
2338	6.69951e+02	2.33800e+03	3.38513e-02	6.69333e+02
2339	6.70283e+02	2.33900e+03	3.38416e-02	6.69667e+02
2340	6.70612e+02	2.34000e+03	3.38297e-02	6.70000e+02
2341	6.70943e+02	2.34100e+03	3.38165e-02	6.70333e+02
2342	6.71288e+02	2.34200e+03	3.38025e-02	6.70667e+02
2343	6.71615e+02	2.34300e+03	3.37881e-02	6.71000e+02
2344	6.71957e+02	2.34400e+03	3.37710e-02	6.71333e+02
2345	6.72292e+02	2.34500e+03	3.37578e-02	6.71667e+02
2346	6.72635e+02	2.34600e+03	3.37461e-02	6.72000e+02
2347	6.72967e+02	2.34700e+03	3.37349e-02	6.72333e+02
2348	6.73306e+02	2.34800e+03	3.37299e-02	6.72667e+02
2349	6.73639e+02	2.34900e+03	3.37240e-02	6.73000e+02
2350	6.73976e+02	2.35000e+03	3.37186e-02	6.73333e+02
2351	6.74305e+02	2.35100e+03	3.37143e-02	6.73667e+02
2352	6.74635e+02	2.35200e+03	3.37138e-02	6.74000e+02
2353	6.74977e+02	2.35300e+03	3.37111e-02	6.74333e+02
2354	6.75310e+02	2.35400e+03	3.37086e-02	6.74667e+02
2355	6.75651e+02	2.35500e+03	3.37059e-02	6.75000e+02
2356	6.75978e+02	2.35600e+03	3.37021e-02	6.75333e+02
2357	6.76323e+02	2.35700e+03	3.36981e-02	6.75667e+02
2358	6.76646e+02	2.35800e+03	3.36943e-02	6.76000e+02
2359	6.76984e+02	2.35900e+03	3.36908e-02	6.76333e+02
2360	6.77308e+02	2.36000e+03	3.36926e-02	6.76667e+02
2361	6.77647e+02	2.36100e+03	3.36994e-02	6.77000e+02
2362	6.77968e+02	2.36200e+03	3.37095e-02	6.77333e+02
2363	6.78302e+02	2.36300e+03	3.37207e-02	6.77667e+02
2364	6.78630e+02	2.36400e+03	3.37413e-02	6.78000e+02
2365	6.78967e+02	2.36500e+03	3.37522e-02	6.78333e+02
2366	6.79305e+02	2.36600e+03	3.37577e-02	6.78667e+02
2367	6.79635e+02	2.36700e+03	3.37609e-02	6.79000e+02
2368	6.79969e+02	2.36800e+03	3.37547e-02	6.79333e+02
2369	6.80304e+02	2.36900e+03	3.37544e-02	6.79667e+02
2370	6.80631e+02	2.37000e+03	3.37575e-02	6.80000e+02
2371	6.80959e+02	2.37100e+03	3.37618e-02	6.80333e+02
2372	6.81298e+02	2.37200e+03	3.37653e-02	6.80667e+02
2373	6.81636e+02	2.37300e+03	3.37703e-02	6.81000e+02
2374	6.81959e+02	2.37400e+03	3.37753e-02	6.81333e+02
2375	6.82282e+02	2.37500e+03	3.37790e-02	6.81667e+02
2376	6.82621e+02	2.37600e+03	3.37814e-02	6.82000e+02
2377	6.82965e+02	2.37700e+03	3.37791e-02	6.82333e+02
2378	6.83299e+02	2.37800e+03	3.37735e-02	6.82667e+02
2379	6.83626e+02	2.37900e+03	3.37660e-02	6.83000e+02
2380	6.83964e+02	2.38000e+03	3.37487e-02	6.83333e+02
2381	6.84305e+02	2.38100e+03	3.37376e-02	6.83667e+02
2382	6.84628e+02	2.38200e+03	3.37263e-02	6.84000e+02
2383	6.84960e+02	2.38300e+03	3.37143e-02	6.84333e+02
2384	6.85299e+02	2.38400e+03	3.37010e-02	6.84667e+02
2385	6.85639e+02	2.38500e+03	3.36881e-02	6.85000e+02
2386	6.85970e+02	2.38600e+03	3.36763e-02	6.85333e+02
2387	6.86294e+02	2.38700e+03	3.36648e-02	6.85667e+02
2388	6.86646e+02	2.38800e+03	3.36537e-02	6.86000e+02
2389	6.86979e+02	2.38900e+03	3.36458e-02	6.86333e+02
2390	6.87311e+02	2.39000e+03	3.36397e-02	6.86667e+02
2391	6.87645e+02	2.39100e+03	3.36337e-02	6.87000e+02
2392	6.87982e+02	2.39200e+03	3.36331e-02	6.87333e+02
2393	6.88321e+02	2.39300e+03	3.36306e-02	6.87667e+02
2394	6.88644e+02	2.39400e+03	3.36277e-02	6.88000e+02
2395	6.88979e+02	2.39500e+03	3.36251e-02	6.88333e+02
2396	6.89301e+02	2.39600e+03	3.36228e-02	6.88667e+02
2397	6.89651e+02	2.39700e+03	3.36196e-02	6.89000e+02
2398	6.89980e+02	2.39800e+03	3.36173e-02	6.89333e+02
2399	6.90311e+02	2.39900e+03	3.36161e-02	6.89667e+02
2400	6.90647e+02	2.40000e+03	3.36185e-02	6.90000e+02
2401	6.90989e+02	2.40100e+03	3.36256e-02	6.90333e+02
2402	6.91320e+02	2.40200e+03	3.36372e-02	6.90667e+02
2403	6.91648e+02	2.40300e+03	3.36505e-02	6.91000e+02
2404	6.91961e+02	2.40400e+03	3.36706e-02	6.91333e+02
2405	6.92109e+02	2.40500e+03	3.36846e-02	6.91667e+02
2406	6.92259e+02	2.40600e+03	3.36959e-02	6.92000e+02
2407	6.92463e+02	2.40700e+03	3.37051e-02	6.92333e+02
2408	6.92728e+02	2.40800e+03	3.37144e-02	6.92667e+02
2409	6.92978e+02	2.40900e+03	3.37268e-02	6.93000e+02
2410	6.93233e+02	2.41000e+03	3.37353e-02	6.93333e+02
2411	6.93468e+02	2.41100e+03	3.37388e-02	6.93667e+02
2412	6.93709e+02	2.41200e+03	3.37355e-02	6.94000e+02
2413	6.93925e+02	2.41300e+03	3.37270e-02	6.94333e+02
2414	6.94143e+02	2.41400e+03	3.37145e-02	6.94667e+02
2415	6.94352e+02	2.41500e+03	3.36999e-02	6.95000e+02
2416	6.94556e+02	2.41600e+03	3.36721e-02	6.95333e+02
2417	6.94759e+02	2.41700e+03	3.36567e-02	6.95667e+02
2418	6.94947e+02	2.41800e+03	3.36474e-02	6.96000e+02
2419	6.95133e+02	2.41900e+03	3.36422e-02	6.96333e+02
2420	6.95307e+02	2.42000e+03	3.36547e-02	6.96667e+02
2421	6.95489e+02	2.42100e+03	3.36655e-02	6.97000e+02
2422	6.95649e+02	2.42200e+03	3.36784e-02	6.97333e+02
2423	6.95805e+02	2.42300e+03	3.36920e-02	6.97667e+02
2424	6.95970e+02	2.42400e+03	3.37128e-02	6.98000e+02
2425	6.96120e+02	2.42500e+03	3.37220e-02	6.98333e+02
2426	6.96263e+02	2.42600e+03	3.37262e-02	6.98667e+02
2427	6.96408e+02	2.42700e+03	3.37295e-02	6.99000e+02
2428	6.96540e+02	2.42800e+03	3.37204e-02	6.99333e+02
2429	6.96678e+02	2.42900e+03	3.37189e-02	6.99667e+02
2430	6.96799e+02	2.43000e+03	3.37196e-02	7.00000e+02
